0.001	-34.193274
0.011	-34.193274
0.021	-34.193274
0.031	-34.193274
0.041	-34.193274
0.051	-34.193274
0.061	-34.193274
0.071	-34.193274
0.081	-34.193274
0.091	-34.193274
0.101	-34.193274
0.111	-34.193274
0.121	-34.193274
0.131	-34.193274
0.141	-34.193274
0.151	-34.193274
0.161	-34.193274
0.171	-34.193274
0.181	-34.193274
0.191	-34.193274
0.201	-34.193274
0.211	-34.193274
0.221	-34.193274
0.231	-34.193274
0.241	-34.193274
0.251	-34.193274
0.261	-34.193274
0.271	-34.193274
0.281	-34.193274
0.291	-34.193274
0.301	-34.193274
0.311	-34.193274
0.321	-34.193274
0.331	-34.193274
0.341	-34.193274
0.351	-34.193274
0.361	-34.193274
0.371	-34.193274
0.381	-34.193274
0.391	-34.193274
0.401	-34.193274
0.411	-34.193274
0.421	-34.193274
0.431	-34.193274
0.441	-34.193274
0.451	-34.193274
0.461	-34.193274
0.471	-34.193274
0.481	-34.193274
0.491	-34.193274
0.501	-34.193274
0.511	-34.193274
0.521	-34.193274
0.531	-34.193274
0.541	-34.193274
0.551	-34.193274
0.561	-34.193274
0.571	-34.193274
0.581	-34.193274
0.591	-34.193274
0.601	-34.193274
0.611	-34.193274
0.621	-34.193274
0.631	-34.193274
0.641	-34.193274
0.651	-34.193274
0.661	-34.193274
0.671	-34.193274
0.681	-34.193274
0.691	-34.193274
0.701	-34.193274
0.711	-34.193274
0.721	-34.193274
0.731	-34.193274
0.741	-34.193274
0.751	-34.193274
0.761	-34.193274
0.771	-34.193274
0.781	-34.193274
0.791	-34.193274
0.801	-34.193274
0.811	-34.193274
0.821	-34.193274
0.831	-34.193274
0.841	-34.193274
0.851	-34.193274
0.861	-34.193274
0.871	-34.193274
0.881	-34.193274
0.891	-34.193274
0.901	-34.193274
0.911	-34.193274
0.921	-34.193274
0.931	-34.193274
0.941	-34.193274
0.951	-34.193274
0.961	-34.193274
0.971	-34.193274
0.981	-34.193274
0.991	-34.193274
1.001	-34.193274
1.011	-34.193274
1.021	-34.193274
1.031	-34.193274
1.041	-34.193274
1.051	-34.193274
1.061	-34.193274
1.071	-34.193274
1.081	-34.193274
1.091	-34.193274
1.101	-34.193274
1.111	-34.193274
1.121	-34.193274
1.131	-34.193274
1.141	-34.193274
1.151	-34.193274
1.161	-34.193274
1.171	-34.193274
1.181	-34.193274
1.191	-34.193274
1.201	-34.193274
1.211	-34.193274
1.221	-34.193274
1.231	-34.193274
1.241	-34.193274
1.251	-34.193274
1.261	-34.193274
1.271	-34.193274
1.281	-34.193274
1.291	-34.193274
1.301	-34.193274
1.311	-34.193274
1.321	-34.193274
1.331	-34.193274
1.341	-34.193274
1.351	-34.193274
1.361	-34.193274
1.371	-34.193274
1.381	-34.193274
1.391	-34.193274
1.401	-34.193274
1.411	-34.193274
1.421	-34.193274
1.431	-34.193274
1.441	-34.193274
1.451	-34.193274
1.461	-34.193274
1.471	-34.193274
1.481	-34.193274
1.491	-34.193274
1.501	-34.193274
1.511	-34.193274
1.521	-34.193274
1.531	-34.193274
1.541	-34.193274
1.551	-34.193274
1.561	-34.193274
1.571	-34.193274
1.581	-34.193274
1.591	-34.193274
1.601	-34.193274
1.611	-34.193274
1.621	-34.193274
1.631	-34.193274
1.641	-34.193274
1.651	-34.193274
1.661	-34.193274
1.671	-34.193274
1.681	-34.193274
1.691	-34.193274
1.701	-34.193274
1.711	-34.193274
1.721	-34.193274
1.731	-34.193274
1.741	-34.193274
1.751	-34.193274
1.761	-34.193274
1.771	-34.193274
1.781	-34.193274
1.791	-34.193274
1.801	-34.193274
1.811	-34.193274
1.821	-34.193274
1.831	-34.193274
1.841	-34.193274
1.851	-34.193274
1.861	-34.193274
1.871	-34.193274
1.881	-34.193274
1.891	-34.193274
1.901	-34.193274
1.911	-34.193274
1.921	-34.193274
1.931	-34.193274
1.941	-34.193274
1.951	-34.193274
1.961	-34.193274
1.971	-34.193274
1.981	-34.193274
1.991	-34.193274
2.001	-34.193274
2.011	-34.193274
2.021	-34.193274
2.031	-34.193274
2.041	-34.193274
2.051	-34.193274
2.061	-34.193274
2.071	-34.193274
2.081	-34.193274
2.091	-34.193274
2.101	-34.193274
2.111	-34.193274
2.121	-34.193274
2.131	-34.193274
2.141	-34.193274
2.151	-34.193274
2.161	-34.193274
2.171	-34.193274
2.181	-34.193274
2.191	-34.193274
2.201	-34.193274
2.211	-34.193274
2.221	-34.193274
2.231	-34.193274
2.241	-34.193274
2.251	-34.193274
2.261	-34.193274
2.271	-34.193274
2.281	-34.193274
2.291	-34.193274
2.301	-34.193274
2.311	-34.193274
2.321	-34.193274
2.331	-34.193274
2.341	-34.193274
2.351	-34.193274
2.361	-34.193274
2.371	-34.193274
2.381	-34.193274
2.391	-34.193274
2.401	-34.193274
2.411	-34.193274
2.421	-34.193274
2.431	-34.193274
2.441	-34.193274
2.451	-34.193274
2.461	-34.193274
2.471	-34.193274
2.481	-34.193274
2.491	-34.193274
2.501	-34.193274
2.511	-34.193274
2.521	-34.193274
2.531	-34.193274
2.541	-34.193274
2.551	-34.193274
2.561	-34.193274
2.571	-34.193274
2.581	-34.193274
2.591	-34.193274
2.601	-34.193274
2.611	-34.193274
2.621	-34.193274
2.631	-34.193274
2.641	-34.193274
2.651	-34.193274
2.661	-34.193274
2.671	-34.193274
2.681	-34.193274
2.691	-34.193274
2.701	-34.193274
2.711	-34.193274
2.721	-34.193274
2.731	-34.193274
2.741	-34.193274
2.751	-34.193274
2.761	-34.193274
2.771	-34.193274
2.781	-34.193274
2.791	-34.193274
2.801	-34.193274
2.811	-34.193274
2.821	-34.193274
2.831	-34.193274
2.841	-34.193274
2.851	-34.193274
2.861	-34.193274
2.871	-34.193274
2.881	-34.193274
2.891	-34.193274
2.901	-34.193274
2.911	-34.193274
2.921	-34.193274
2.931	-34.193274
2.941	-34.193274
2.951	-34.193274
2.961	-34.193274
2.971	-34.193274
2.981	-34.193274
2.991	-34.193274
3.001	-34.193274
3.011	-34.193274
3.021	-34.193274
3.031	-34.193274
3.041	-34.193274
3.051	-34.193274
3.061	-34.193274
3.071	-34.193274
3.081	-34.193274
3.091	-34.193274
3.101	-34.193274
3.111	-34.193274
3.121	-34.193274
3.131	-34.193274
3.141	-34.193274
3.151	-34.193274
3.161	-34.193274
3.171	-34.193274
3.181	-34.193274
3.191	-34.193274
3.201	-34.193274
3.211	-34.193274
3.221	-34.193274
3.231	-34.193274
3.241	-34.193274
3.251	-34.193274
3.261	-34.193274
3.271	-34.193274
3.281	-34.193274
3.291	-34.193274
3.301	-34.193274
3.311	-34.193274
3.321	-34.193274
3.331	-34.193274
3.341	-34.193274
3.351	-34.193274
3.361	-34.193274
3.371	-34.193274
3.381	-34.193274
3.391	-34.193274
3.401	-34.193274
3.411	-34.193274
3.421	-34.193274
3.431	-34.193274
3.441	-34.193274
3.451	-34.193274
3.461	-34.193274
3.471	-34.193274
3.481	-34.193274
3.491	-34.193274
3.501	-34.193274
3.511	-34.193274
3.521	-34.193274
3.531	-34.193274
3.541	-34.193274
3.551	-34.193274
3.561	-34.193274
3.571	-34.193274
3.581	-34.193274
3.591	-34.193274
3.601	-34.193274
3.611	-34.193274
3.621	-34.193274
3.631	-34.193274
3.641	-34.193274
3.651	-34.193274
3.661	-34.193274
3.671	-34.193274
3.681	-34.193274
3.691	-34.193274
3.701	-34.193274
3.711	-34.193274
3.721	-34.193274
3.731	-34.193274
3.741	-34.193274
3.751	-34.193274
3.761	-34.193274
3.771	-34.193274
3.781	-34.193274
3.791	-34.193274
3.801	-34.193274
3.811	-34.193274
3.821	-34.193274
3.831	-34.193274
3.841	-34.193274
3.851	-34.193274
3.861	-34.193274
3.871	-34.193274
3.881	-34.193274
3.891	-34.193274
3.901	-34.193274
3.911	-34.193274
3.921	-34.193274
3.931	-34.193274
3.941	-34.193274
3.951	-34.193274
3.961	-34.193274
3.971	-34.193274
3.981	-34.193274
3.991	-34.193274
4.001	-34.193274
4.011	-34.193274
4.021	-34.193274
4.031	-34.193274
4.041	-34.193274
4.051	-34.193274
4.061	-34.193274
4.071	-34.193274
4.081	-34.193274
4.091	-34.193274
4.101	-34.193274
4.111	-34.193274
4.121	-34.193274
4.131	-34.193274
4.141	-34.193274
4.151	-34.193274
4.161	-34.193274
4.171	-34.193274
4.181	-34.193274
4.191	-34.193274
4.201	-34.193274
4.211	-34.193274
4.221	-34.193274
4.231	-34.193274
4.241	-34.193274
4.251	-34.193274
4.261	-34.193274
4.271	-34.193274
4.281	-34.193274
4.291	-34.193274
4.301	-34.193274
4.311	-34.193274
4.321	-34.193274
4.331	-34.193274
4.341	-34.193274
4.351	-34.193274
4.361	-34.193274
4.371	-34.193274
4.381	-34.193274
4.391	-34.193274
4.401	-34.193274
4.411	-34.193274
4.421	-34.193274
4.431	-34.193274
4.441	-34.193274
4.451	-34.193274
4.461	-34.193274
4.471	-34.193274
4.481	-34.193274
4.491	-34.193274
4.501	-34.193274
4.511	-34.193274
4.521	-34.193274
4.531	-34.193274
4.541	-34.193274
4.551	-34.193274
4.561	-34.193274
4.571	-34.193274
4.581	-34.193274
4.591	-34.193274
4.601	-34.193274
4.611	-34.193274
4.621	-34.193274
4.631	-34.193274
4.641	-34.193274
4.651	-34.193274
4.661	-34.193274
4.671	-34.193274
4.681	-34.193274
4.691	-34.193274
4.701	-34.193274
4.711	-34.193274
4.721	-34.193274
4.731	-34.193274
4.741	-34.193274
4.751	-34.193274
4.761	-34.193274
4.771	-34.193274
4.781	-34.193274
4.791	-34.193274
4.801	-34.193274
4.811	-34.193274
4.821	-34.193274
4.831	-34.193274
4.841	-34.193274
4.851	-34.193274
4.861	-34.193274
4.871	-34.193274
4.881	-34.193274
4.891	-34.193274
4.901	-34.193274
4.911	-34.193274
4.921	-34.193274
4.931	-34.193274
4.941	-34.193274
4.951	-34.193274
4.961	-34.193274
4.971	-34.193274
4.981	-34.193274
4.991	-34.193274
5.001	-34.193274
5.011	-34.193274
5.021	-34.193274
5.031	-34.193274
5.041	-34.193274
5.051	-34.193274
5.061	-34.193274
5.071	-34.193274
5.081	-34.193274
5.091	-34.193274
5.101	-34.193274
5.111	-34.193274
5.121	-34.193274
5.131	-34.193274
5.141	-34.193274
5.151	-34.193274
5.161	-34.193274
5.171	-34.193274
5.181	-34.193274
5.191	-34.193274
5.201	-34.193274
5.211	-34.193274
5.221	-34.193274
5.231	-34.193274
5.241	-34.193274
5.251	-34.193274
5.261	-34.193274
5.271	-34.193274
5.281	-34.193274
5.291	-34.193274
5.301	-34.193274
5.311	-34.193274
5.321	-34.193274
5.331	-34.193274
5.341	-34.193274
5.351	-34.193274
5.361	-34.193274
5.371	-34.193274
5.381	-34.193274
5.391	-34.193274
5.401	-34.193274
5.411	-34.193274
5.421	-34.193274
5.431	-34.193274
5.441	-34.193274
5.451	-34.193274
5.461	-34.193274
5.471	-34.193274
5.481	-34.193274
5.491	-34.193274
5.501	-34.193274
5.511	-34.193274
5.521	-34.193274
5.531	-34.193274
5.541	-34.193274
5.551	-34.193274
5.561	-34.193274
5.571	-34.193274
5.581	-34.193274
5.591	-34.193274
5.601	-34.193274
5.611	-34.193274
5.621	-34.193274
5.631	-34.193274
5.641	-34.193274
5.651	-34.193274
5.661	-34.193274
5.671	-34.193274
5.681	-34.193274
5.691	-34.193274
5.701	-34.193274
5.711	-34.193274
5.721	-34.193274
5.731	-34.193274
5.741	-34.193274
5.751	-34.193274
5.761	-34.193274
5.771	-34.193274
5.781	-34.193274
5.791	-34.193274
5.801	-34.193274
5.811	-34.193274
5.821	-34.193274
5.831	-34.193274
5.841	-34.193274
5.851	-34.193274
5.861	-34.193274
5.871	-34.193274
5.881	-34.193274
5.891	-34.193274
5.901	-34.193274
5.911	-34.193274
5.921	-34.193274
5.931	-34.193274
5.941	-34.193274
5.951	-34.193274
5.961	-34.193274
5.971	-34.193274
5.981	-34.193274
5.991	-34.193274
6.001	-34.193274
6.011	-34.193274
6.021	-34.193274
6.031	-34.193274
6.041	-34.193274
6.051	-34.193274
6.061	-34.193274
6.071	-34.193274
6.081	-34.193274
6.091	-34.193274
6.101	-34.193274
6.111	-34.193274
6.121	-34.193274
6.131	-34.193274
6.141	-34.193274
6.151	-34.193274
6.161	-34.193274
6.171	-34.193274
6.181	-34.193274
6.191	-34.193274
6.201	-34.193274
6.211	-34.193274
6.221	-34.193274
6.231	-34.193274
6.241	-34.193274
6.251	-34.193274
6.261	-34.193274
6.271	-34.193274
6.281	-34.193274
6.291	-34.193274
6.301	-34.193274
6.311	-34.193274
6.321	-34.193274
6.331	-34.193274
6.341	-34.193274
6.351	-34.193274
6.361	-34.193274
6.371	-34.193274
6.381	-34.193274
6.391	-34.193274
6.401	-34.193274
6.411	-34.193274
6.421	-34.193274
6.431	-34.193274
6.441	-34.193274
6.451	-34.193274
6.461	-34.193274
6.471	-34.193274
6.481	-34.193274
6.491	-34.193274
6.501	-34.193274
6.511	-34.193274
6.521	-34.193274
6.531	-34.193274
6.541	-34.193274
6.551	-34.193274
6.561	-34.193274
6.571	-34.193274
6.581	-34.193274
6.591	-34.193274
6.601	-34.193274
6.611	-34.193274
6.621	-34.193274
6.631	-34.193274
6.641	-34.193274
6.651	-34.193274
6.661	-34.193274
6.671	-34.193274
6.681	-34.193274
6.691	-34.193274
6.701	-34.193274
6.711	-34.193274
6.721	-34.193274
6.731	-34.193274
6.741	-34.193274
6.751	-34.193274
6.761	-34.193274
6.771	-34.193274
6.781	-34.193274
6.791	-34.193274
6.801	-34.193274
6.811	-34.193274
6.821	-34.193274
6.831	-34.193274
6.841	-34.193274
6.851	-34.193274
6.861	-34.193274
6.871	-34.193274
6.881	-34.193274
6.891	-34.193274
6.901	-34.193274
6.911	-34.193274
6.921	-34.193274
6.931	-34.193274
6.941	-34.193274
6.951	-34.193274
6.961	-34.193274
6.971	-34.193274
6.981	-34.193274
6.991	-34.193274
7.001	-34.193274
7.011	-34.193274
7.021	-34.193274
7.031	-34.193274
7.041	-34.193274
7.051	-34.193274
7.061	-34.193274
7.071	-34.193274
7.081	-34.193274
7.091	-34.193274
7.101	-34.193274
7.111	-34.193274
7.121	-34.193274
7.131	-34.193274
7.141	-34.193274
7.151	-34.193274
7.161	-34.193274
7.171	-34.193274
7.181	-34.193274
7.191	-34.193274
7.201	-34.193274
7.211	-34.193274
7.221	-34.193274
7.231	-34.193274
7.241	-34.193274
7.251	-34.193274
7.261	-34.193274
7.271	-34.193274
7.281	-34.193274
7.291	-34.193274
7.301	-34.193274
7.311	-34.193274
7.321	-34.193274
7.331	-34.193274
7.341	-34.193274
7.351	-34.193274
7.361	-34.193274
7.371	-34.193274
7.381	-34.193274
7.391	-34.193274
7.401	-34.193274
7.411	-34.193274
7.421	-34.193274
7.431	-34.193274
7.441	-34.193274
7.451	-34.193274
7.461	-34.193274
7.471	-34.193274
7.481	-34.193274
7.491	-34.193274
7.501	-34.193274
7.511	-34.193274
7.521	-34.193274
7.531	-34.193274
7.541	-34.193274
7.551	-34.193274
7.561	-34.193274
7.571	-34.193274
7.581	-34.193274
7.591	-34.193274
7.601	-34.193274
7.611	-34.193274
7.621	-34.193274
7.631	-34.193274
7.641	-34.193274
7.651	-34.193274
7.661	-34.193274
7.671	-34.193274
7.681	-34.193274
7.691	-34.193274
7.701	-34.193274
7.711	-34.193274
7.721	-34.193274
7.731	-34.193274
7.741	-34.193274
7.751	-34.193274
7.761	-34.193274
7.771	-34.193274
7.781	-34.193274
7.791	-34.193274
7.801	-34.193274
7.811	-34.193274
7.821	-34.193274
7.831	-34.193274
7.841	-34.193274
7.851	-34.193274
7.861	-34.193274
7.871	-34.193274
7.881	-34.193274
7.891	-34.193274
7.901	-34.193274
7.911	-34.193274
7.921	-34.193274
7.931	-34.193274
7.941	-34.193274
7.951	-34.193274
7.961	-34.193274
7.971	-34.193274
7.981	-34.193274
7.991	-34.193274
8.001	-34.193274
8.011	-34.193274
8.021	-34.193274
8.031	-34.193274
8.041	-34.193274
8.051	-34.193274
8.061	-34.193274
8.071	-34.193274
8.081	-34.193274
8.091	-34.193274
8.101	-34.193274
8.111	-34.193274
8.121	-34.193274
8.131	-34.193274
8.141	-34.193274
8.151	-34.193274
8.161	-34.193274
8.171	-34.193274
8.181	-34.193274
8.191	-34.193274
8.201	-34.193274
8.211	-34.193274
8.221	-34.193274
8.231	-34.193274
8.241	-34.193274
8.251	-34.193274
8.261	-34.193274
8.271	-34.193274
8.281	-34.193274
8.291	-34.193274
8.301	-34.193274
8.311	-34.193274
8.321	-34.193274
8.331	-34.193274
8.341	-34.193274
8.351	-34.193274
8.361	-34.193274
8.371	-34.193274
8.381	-34.193274
8.391	-34.193274
8.401	-34.193274
8.411	-34.193274
8.421	-34.193274
8.431	-34.193274
8.441	-34.193274
8.451	-34.193274
8.461	-34.193274
8.471	-34.193274
8.481	-34.193274
8.491	-34.193274
8.501	-34.193274
8.511	-34.193274
8.521	-34.193274
8.531	-34.193274
8.541	-34.193274
8.551	-34.193274
8.561	-34.193274
8.571	-34.193274
8.581	-34.193274
8.591	-34.193274
8.601	-34.193274
8.611	-34.193274
8.621	-34.193274
8.631	-34.193274
8.641	-34.193274
8.651	-34.193274
8.661	-34.193274
8.671	-34.193274
8.681	-34.193274
8.691	-34.193274
8.701	-34.193274
8.711	-34.193274
8.721	-34.193274
8.731	-34.193274
8.741	-34.193274
8.751	-34.193274
8.761	-34.193274
8.771	-34.193274
8.781	-34.193274
8.791	-34.193274
8.801	-34.193274
8.811	-34.193274
8.821	-34.193274
8.831	-34.193274
8.841	-34.193274
8.851	-34.193274
8.861	-34.193274
8.871	-34.193274
8.881	-34.193274
8.891	-34.193274
8.901	-34.193274
8.911	-34.193274
8.921	-34.193274
8.931	-34.193274
8.941	-34.193274
8.951	-34.193274
8.961	-34.193274
8.971	-34.193274
8.981	-34.193274
8.991	-34.193274
9.001	-34.193274
9.011	-34.193274
9.021	-34.193274
9.031	-34.193274
9.041	-34.193274
9.051	-34.193274
9.061	-34.193274
9.071	-34.193274
9.081	-34.193274
9.091	-34.193274
9.101	-34.193274
9.111	-34.193274
9.121	-34.193274
9.131	-34.193274
9.141	-34.193274
9.151	-34.193274
9.161	-34.193274
9.171	-34.193274
9.181	-34.193274
9.191	-34.193274
9.201	-34.193274
9.211	-34.193274
9.221	-34.193274
9.231	-34.193274
9.241	-34.193274
9.251	-34.193274
9.261	-34.193274
9.271	-34.193274
9.281	-34.193274
9.291	-34.193274
9.301	-34.193274
9.311	-34.193274
9.321	-34.193274
9.331	-34.193274
9.341	-34.193274
9.351	-34.193274
9.361	-34.193274
9.371	-34.193274
9.381	-34.193274
9.391	-34.193274
9.401	-34.193274
9.411	-34.193274
9.421	-34.193274
9.431	-34.193274
9.441	-34.193274
9.451	-34.193274
9.461	-34.193274
9.471	-34.193274
9.481	-34.193274
9.491	-34.193274
9.501	-34.193274
9.511	-34.193274
9.521	-34.193274
9.531	-34.193274
9.541	-34.193274
9.551	-34.193274
9.561	-34.193274
9.571	-34.193274
9.581	-34.193274
9.591	-34.193274
9.601	-34.193274
9.611	-34.193274
9.621	-34.193274
9.631	-34.193274
9.641	-34.193274
9.651	-34.193274
9.661	-34.193274
9.671	-34.193274
9.681	-34.193274
9.691	-34.193274
9.701	-34.193274
9.711	-34.193274
9.721	-34.193274
9.731	-34.193274
9.741	-34.193274
9.751	-34.193274
9.761	-34.193274
9.771	-34.193274
9.781	-34.193274
9.791	-34.193274
9.801	-34.193274
9.811	-34.193274
9.821	-34.193274
9.831	-34.193274
9.841	-34.193274
9.851	-34.193274
9.861	-34.193274
9.871	-34.193274
9.881	-34.193274
9.891	-34.193274
9.901	-34.193274
9.911	-34.193274
9.921	-34.193274
9.931	-34.193274
9.941	-34.193274
9.951	-34.193274
9.961	-34.193274
9.971	-34.193274
9.981	-34.193274
9.991	-34.193274
10.001	-34.193274
10.011	-34.193274
10.021	-34.193274
10.031	-34.193274
10.041	-34.193274
10.051	-34.193274
10.061	-34.193274
10.071	-34.193274
10.081	-34.193274
10.091	-34.193274
10.101	-34.193274
10.111	-34.193274
10.121	-34.193274
10.131	-34.193274
10.141	-34.193274
10.151	-34.193274
10.161	-34.193274
10.171	-34.193274
10.181	-34.193274
10.191	-34.193274
10.201	-34.193274
10.211	-34.193274
10.221	-34.193274
10.231	-34.193274
10.241	-34.193274
10.251	-34.193274
10.261	-34.193274
10.271	-34.193274
10.281	-34.193274
10.291	-34.193274
10.301	-34.193274
10.311	-34.193274
10.321	-34.193274
10.331	-34.193274
10.341	-34.193274
10.351	-34.193274
10.361	-34.193274
10.371	-34.193274
10.381	-34.193274
10.391	-34.193274
10.401	-34.193274
10.411	-34.193274
10.421	-34.193274
10.431	-34.193274
10.441	-34.193274
10.451	-34.193274
10.461	-34.193274
10.471	-34.193274
10.481	-34.193274
10.491	-34.193274
10.501	-34.193274
10.511	-34.193274
10.521	-34.193274
10.531	-34.193274
10.541	-34.193274
10.551	-34.193274
10.561	-34.193274
10.571	-34.193274
10.581	-34.193274
10.591	-34.193274
10.601	-34.193274
10.611	-34.193274
10.621	-34.193274
10.631	-34.193274
10.641	-34.193274
10.651	-34.193274
10.661	-34.193274
10.671	-34.193274
10.681	-34.193274
10.691	-34.193274
10.701	-34.193274
10.711	-34.193274
10.721	-34.193274
10.731	-34.193274
10.741	-34.193274
10.751	-34.193274
10.761	-34.193274
10.771	-34.193274
10.781	-34.193274
10.791	-34.193274
10.801	-34.193274
10.811	-34.193274
10.821	-34.193274
10.831	-34.193274
10.841	-34.193274
10.851	-34.193274
10.861	-34.193274
10.871	-34.193274
10.881	-34.193274
10.891	-34.193274
10.901	-34.193274
10.911	-34.193274
10.921	-34.193274
10.931	-34.193274
10.941	-34.193274
10.951	-34.193274
10.961	-34.193274
10.971	-34.193274
10.981	-34.193274
10.991	-34.193274
11.001	-34.193274
11.011	-34.193274
11.021	-34.193274
11.031	-34.193274
11.041	-34.193274
11.051	-34.193274
11.061	-34.193274
11.071	-34.193274
11.081	-34.193274
11.091	-34.193274
11.101	-34.193274
11.111	-34.193274
11.121	-34.193274
11.131	-34.193274
11.141	-34.193274
11.151	-34.193274
11.161	-34.193274
11.171	-34.193274
11.181	-34.193274
11.191	-34.193274
11.201	-34.193274
11.211	-34.193274
11.221	-34.193274
11.231	-34.193274
11.241	-34.193274
11.251	-34.193274
11.261	-34.193274
11.271	-34.193274
11.281	-34.193274
11.291	-34.193274
11.301	-34.193274
11.311	-34.193274
11.321	-34.193274
11.331	-34.193274
11.341	-34.193274
11.351	-34.193274
11.361	-34.193274
11.371	-34.193274
11.381	-34.193274
11.391	-34.193274
11.401	-34.193274
11.411	-34.193274
11.421	-34.193274
11.431	-34.193274
11.441	-34.193274
11.451	-34.193274
11.461	-34.193274
11.471	-34.193274
11.481	-34.193274
11.491	-34.193274
11.501	-34.193274
11.511	-34.193274
11.521	-34.193274
11.531	-34.193274
11.541	-34.193274
11.551	-34.193274
11.561	-34.193274
11.571	-34.193274
11.581	-34.193274
11.591	-34.193274
11.601	-34.193274
11.611	-34.193274
11.621	-34.193274
11.631	-34.193274
11.641	-34.193274
11.651	-34.193274
11.661	-34.193274
11.671	-34.193274
11.681	-34.193274
11.691	-34.193274
11.701	-34.193274
11.711	-34.193274
11.721	-34.193274
11.731	-34.193274
11.741	-34.193274
11.751	-34.193274
11.761	-34.193274
11.771	-34.193274
11.781	-34.193274
11.791	-34.193274
11.801	-34.193274
11.811	-34.193274
11.821	-34.193274
11.831	-34.193274
11.841	-34.193274
11.851	-34.193274
11.861	-34.193274
11.871	-34.193274
11.881	-34.193274
11.891	-34.193274
11.901	-34.193274
11.911	-34.193274
11.921	-34.193274
11.931	-34.193274
11.941	-34.193274
11.951	-34.193274
11.961	-34.193274
11.971	-34.193274
11.981	-34.193274
11.991	-34.193274
12.001	-34.193274
12.011	-34.193274
12.021	-34.193274
12.031	-34.193274
12.041	-34.193274
12.051	-34.193274
12.061	-34.193274
12.071	-34.193274
12.081	-34.193274
12.091	-34.193274
12.101	-34.193274
12.111	-34.193274
12.121	-34.193274
12.131	-34.193274
12.141	-34.193274
12.151	-34.193274
12.161	-34.193274
12.171	-34.193274
12.181	-34.193274
12.191	-34.193274
12.201	-34.193274
12.211	-34.193274
12.221	-34.193274
12.231	-34.193274
12.241	-34.193274
12.251	-34.193274
12.261	-34.193274
12.271	-34.193274
12.281	-34.193274
12.291	-34.193274
12.301	-34.193274
12.311	-34.193274
12.321	-34.193274
12.331	-34.193274
12.341	-34.193274
12.351	-34.193274
12.361	-34.193274
12.371	-34.193274
12.381	-34.193274
12.391	-34.193274
12.401	-34.193274
12.411	-34.193274
12.421	-34.193274
12.431	-34.193274
12.441	-34.193274
12.451	-34.193274
12.461	-34.193274
12.471	-34.193274
12.481	-34.193274
12.491	-34.193274
12.501	-34.193274
12.511	-34.193274
12.521	-34.193274
12.531	-34.193274
12.541	-34.193274
12.551	-34.193274
12.561	-34.193274
12.571	-34.193274
12.581	-34.193274
12.591	-34.193274
12.601	-34.193274
12.611	-34.193274
12.621	-34.193274
12.631	-34.193274
12.641	-34.193274
12.651	-34.193274
12.661	-34.193274
12.671	-34.193274
12.681	-34.193274
12.691	-34.193274
12.701	-34.193274
12.711	-34.193274
12.721	-34.193274
12.731	-34.193274
12.741	-34.193274
12.751	-34.193274
12.761	-34.193274
12.771	-34.193274
12.781	-34.193274
12.791	-34.193274
12.801	-34.193274
12.811	-34.193274
12.821	-34.193274
12.831	-34.193274
12.841	-34.193274
12.851	-34.193274
12.861	-34.193274
12.871	-34.193274
12.881	-34.193274
12.891	-34.193274
12.901	-34.193274
12.911	-34.193274
12.921	-34.193274
12.931	-34.193274
12.941	-34.193274
12.951	-34.193274
12.961	-34.193274
12.971	-34.193274
12.981	-34.193274
12.991	-34.193274
13.001	-34.193274
13.011	-34.193274
13.021	-34.193274
13.031	-34.193274
13.041	-34.193274
13.051	-34.193274
13.061	-34.193274
13.071	-34.193274
13.081	-34.193274
13.091	-34.193274
13.101	-34.193274
13.111	-34.193274
13.121	-34.193274
13.131	-34.193274
13.141	-34.193274
13.151	-34.193274
13.161	-34.193274
13.171	-34.193274
13.181	-34.193274
13.191	-34.193274
13.201	-34.193274
13.211	-34.193274
13.221	-34.193274
13.231	-34.193274
13.241	-34.193274
13.251	-34.193274
13.261	-34.193274
13.271	-34.193274
13.281	-34.193274
13.291	-34.193274
13.301	-34.193274
13.311	-34.193274
13.321	-34.193274
13.331	-34.193274
13.341	-34.193274
13.351	-34.193274
13.361	-34.193274
13.371	-34.193274
13.381	-34.193274
13.391	-34.193274
13.401	-34.193274
13.411	-34.193274
13.421	-34.193274
13.431	-34.193274
13.441	-34.193274
13.451	-34.193274
13.461	-34.193274
13.471	-34.193274
13.481	-34.193274
13.491	-34.193274
13.501	-34.193274
13.511	-34.193274
13.521	-34.193274
13.531	-34.193274
13.541	-34.193274
13.551	-34.193274
13.561	-34.193274
13.571	-34.193274
13.581	-34.193274
13.591	-34.193274
13.601	-34.193274
13.611	-34.193274
13.621	-34.193274
13.631	-34.193274
13.641	-34.193274
13.651	-34.193274
13.661	-34.193274
13.671	-34.193274
13.681	-34.193274
13.691	-34.193274
13.701	-34.193274
13.711	-34.193274
13.721	-34.193274
13.731	-34.193274
13.741	-34.193274
13.751	-34.193274
13.761	-34.193274
13.771	-34.193274
13.781	-34.193274
13.791	-34.193274
13.801	-34.193274
13.811	-34.193274
13.821	-34.193274
13.831	-34.193274
13.841	-34.193274
13.851	-34.193274
13.861	-34.193274
13.871	-34.193274
13.881	-34.193274
13.891	-34.193274
13.901	-34.193274
13.911	-34.193274
13.921	-34.193274
13.931	-34.193274
13.941	-34.193274
13.951	-34.193274
13.961	-34.193274
13.971	-34.193274
13.981	-34.193274
13.991	-34.193274
14.001	-34.193274
14.011	-34.193274
14.021	-34.193274
14.031	-34.193274
14.041	-34.193274
14.051	-34.193274
14.061	-34.193274
14.071	-34.193274
14.081	-34.193274
14.091	-34.193274
14.101	-34.193274
14.111	-34.193274
14.121	-34.193274
14.131	-34.193274
14.141	-34.193274
14.151	-34.193274
14.161	-34.193274
14.171	-34.193274
14.181	-34.193274
14.191	-34.193274
14.201	-34.193274
14.211	-34.193274
14.221	-34.193274
14.231	-34.193274
14.241	-34.193274
14.251	-34.193274
14.261	-34.193274
14.271	-34.193274
14.281	-34.193274
14.291	-34.193274
14.301	-34.193274
14.311	-34.193274
14.321	-34.193274
14.331	-34.193274
14.341	-34.193274
14.351	-34.193274
14.361	-34.193274
14.371	-34.193274
14.381	-34.193274
14.391	-34.193274
14.401	-34.193274
14.411	-34.193274
14.421	-34.193274
14.431	-34.193274
14.441	-34.193274
14.451	-34.193274
14.461	-34.193274
14.471	-34.193274
14.481	-34.193274
14.491	-34.193274
14.501	-34.193274
14.511	-34.193274
14.521	-34.193274
14.531	-34.193274
14.541	-34.193274
14.551	-34.193274
14.561	-34.193274
14.571	-34.193274
14.581	-34.193274
14.591	-34.193274
14.601	-34.193274
14.611	-34.193274
14.621	-34.193274
14.631	-34.193274
14.641	-34.193274
14.651	-34.193274
14.661	-34.193274
14.671	-34.193274
14.681	-34.193274
14.691	-34.193274
14.701	-34.193274
14.711	-34.193274
14.721	-34.193274
14.731	-34.193274
14.741	-34.193274
14.751	-34.193274
14.761	-34.193274
14.771	-34.193274
14.781	-34.193274
14.791	-34.193274
14.801	-34.193274
14.811	-34.193274
14.821	-34.193274
14.831	-34.193274
14.841	-34.193274
14.851	-34.193274
14.861	-34.193274
14.871	-34.193274
14.881	-34.193274
14.891	-34.193274
14.901	-34.193274
14.911	-34.193274
14.921	-34.193274
14.931	-34.193274
14.941	-34.193274
14.951	-34.193274
14.961	-34.193274
14.971	-34.193274
14.981	-34.193274
14.991	-34.193274
15.001	-34.193274
15.011	-34.193274
15.021	-34.193274
15.031	-34.193274
15.041	-34.193274
15.051	-34.193274
15.061	-34.193274
15.071	-34.193274
15.081	-34.193274
15.091	-34.193274
15.101	-34.193274
15.111	-34.193274
15.121	-34.193274
15.131	-34.193274
15.141	-34.193274
15.151	-34.193274
15.161	-34.193274
15.171	-34.193274
15.181	-34.193274
15.191	-34.193274
15.201	-34.193274
15.211	-34.193274
15.221	-34.193274
15.231	-34.193274
15.241	-34.193274
15.251	-34.193274
15.261	-34.193274
15.271	-34.193274
15.281	-34.193274
15.291	-34.193274
15.301	-34.193274
15.311	-34.193274
15.321	-34.193274
15.331	-34.193274
15.341	-34.193274
15.351	-34.193274
15.361	-34.193274
15.371	-34.193274
15.381	-34.193274
15.391	-34.193274
15.401	-34.193274
15.411	-34.193274
15.421	-34.193274
15.431	-34.193274
15.441	-34.193274
15.451	-34.193274
15.461	-34.193274
15.471	-34.193274
15.481	-34.193274
15.491	-34.193274
15.501	-34.193274
15.511	-34.193274
15.521	-34.193274
15.531	-34.193274
15.541	-34.193274
15.551	-34.193274
15.561	-34.193274
15.571	-34.193274
15.581	-34.193274
15.591	-34.193274
15.601	-34.193274
15.611	-34.193274
15.621	-34.193274
15.631	-34.193274
15.641	-34.193274
15.651	-34.193274
15.661	-34.193274
15.671	-34.193274
15.681	-34.193274
15.691	-34.193274
15.701	-34.193274
15.711	-34.193274
15.721	-34.193274
15.731	-34.193274
15.741	-34.193274
15.751	-34.193274
15.761	-34.193274
15.771	-34.193274
15.781	-34.193274
15.791	-34.193274
15.801	-34.193274
15.811	-34.193274
15.821	-34.193274
15.831	-34.193274
15.841	-34.193274
15.851	-34.193274
15.861	-34.193274
15.871	-34.193274
15.881	-34.193274
15.891	-34.193274
15.901	-34.193274
15.911	-34.193274
15.921	-34.193274
15.931	-34.193274
15.941	-34.193274
15.951	-34.193274
15.961	-34.193274
15.971	-34.193274
15.981	-34.193274
15.991	-34.193274
16.001	-34.193274
16.011	-34.193274
16.021	-34.193274
16.031	-34.193274
16.041	-34.193274
16.051	-34.193274
16.061	-34.193274
16.071	-34.193274
16.081	-34.193274
16.091	-34.193274
16.101	-34.193274
16.111	-34.193274
16.121	-34.193274
16.131	-34.193274
16.141	-34.193274
16.151	-34.193274
16.161	-34.193274
16.171	-34.193274
16.181	-34.193274
16.191	-34.193274
16.201	-34.193274
16.211	-34.193274
16.221	-34.193274
16.231	-34.193274
16.241	-34.193274
16.251	-34.193274
16.261	-34.193274
16.271	-34.193274
16.281	-34.193274
16.291	-34.193274
16.301	-34.193274
16.311	-34.193274
16.321	-34.193274
16.331	-34.193274
16.341	-34.193274
16.351	-34.193274
16.361	-34.193274
16.371	-34.193274
16.381	-34.193274
16.391	-34.193274
16.401	-34.193274
16.411	-34.193274
16.421	-34.193274
16.431	-34.193274
16.441	-34.193274
16.451	-34.193274
16.461	-34.193274
16.471	-34.193274
16.481	-34.193274
16.491	-34.193274
16.501	-34.193274
16.511	-34.193274
16.521	-34.193274
16.531	-34.193274
16.541	-34.193274
16.551	-34.193274
16.561	-34.193274
16.571	-34.193274
16.581	-34.193274
16.591	-34.193274
16.601	-34.193274
16.611	-34.193274
16.621	-34.193274
16.631	-34.193274
16.641	-34.193274
16.651	-34.193274
16.661	-34.193274
16.671	-34.193274
16.681	-34.193274
16.691	-34.193274
16.701	-34.193274
16.711	-34.193274
16.721	-34.193274
16.731	-34.193274
16.741	-34.193274
16.751	-34.193274
16.761	-34.193274
16.771	-34.193274
16.781	-34.193274
16.791	-34.193274
16.801	-34.193274
16.811	-34.193274
16.821	-34.193274
16.831	-34.193274
16.841	-34.193274
16.851	-34.193274
16.861	-34.193274
16.871	-34.193274
16.881	-34.193274
16.891	-34.193274
16.901	-34.193274
16.911	-34.193274
16.921	-34.193274
16.931	-34.193274
16.941	-34.193274
16.951	-34.193274
16.961	-34.193274
16.971	-34.193274
16.981	-34.193274
16.991	-34.193274
17.001	-34.193274
17.011	-34.193274
17.021	-34.193274
17.031	-34.193274
17.041	-34.193274
17.051	-34.193274
17.061	-34.193274
17.071	-34.193274
17.081	-34.193274
17.091	-34.193274
17.101	-34.193274
17.111	-34.193274
17.121	-34.193274
17.131	-34.193274
17.141	-34.193274
17.151	-34.193274
17.161	-34.193274
17.171	-34.193274
17.181	-34.193274
17.191	-34.193274
17.201	-34.193274
17.211	-34.193274
17.221	-34.193274
17.231	-34.193274
17.241	-34.193274
17.251	-34.193274
17.261	-34.193274
17.271	-34.193274
17.281	-34.193274
17.291	-34.193274
17.301	-34.193274
17.311	-34.193274
17.321	-34.193274
17.331	-34.193274
17.341	-34.193274
17.351	-34.193274
17.361	-34.193274
17.371	-34.193274
17.381	-34.193274
17.391	-34.193274
17.401	-34.193274
17.411	-34.193274
17.421	-34.193274
17.431	-34.193274
17.441	-34.193274
17.451	-34.193274
17.461	-34.193274
17.471	-34.193274
17.481	-34.193274
17.491	-34.193274
17.501	-34.193274
17.511	-34.193274
17.521	-34.193274
17.531	-34.193274
17.541	-34.193274
17.551	-34.193274
17.561	-34.193274
17.571	-34.193274
17.581	-34.193274
17.591	-34.193274
17.601	-34.193274
17.611	-34.193274
17.621	-34.193274
17.631	-34.193274
17.641	-34.193274
17.651	-34.193274
17.661	-34.193274
17.671	-34.193274
17.681	-34.193274
17.691	-34.193274
17.701	-34.193274
17.711	-34.193274
17.721	-34.193274
17.731	-34.193274
17.741	-34.193274
17.751	-34.193274
17.761	-34.193274
17.771	-34.193274
17.781	-34.193274
17.791	-34.193274
17.801	-34.193274
17.811	-34.193274
17.821	-34.193274
17.831	-34.193274
17.841	-34.193274
17.851	-34.193274
17.861	-34.193274
17.871	-34.193274
17.881	-34.193274
17.891	-34.193274
17.901	-34.193274
17.911	-34.193274
17.921	-34.193274
17.931	-34.193274
17.941	-34.193274
17.951	-34.193274
17.961	-34.193274
17.971	-34.193274
17.981	-34.193274
17.991	-34.193274
18.001	-34.193274
18.011	-34.193274
18.021	-34.193274
18.031	-34.193274
18.041	-34.193274
18.051	-34.193274
18.061	-34.193274
18.071	-34.193274
18.081	-34.193274
18.091	-34.193274
18.101	-34.193274
18.111	-34.193274
18.121	-34.193274
18.131	-34.193274
18.141	-34.193274
18.151	-34.193274
18.161	-34.193274
18.171	-34.193274
18.181	-34.193274
18.191	-34.193274
18.201	-34.193274
18.211	-34.193274
18.221	-34.193274
18.231	-34.193274
18.241	-34.193274
18.251	-34.193274
18.261	-34.193274
18.271	-34.193274
18.281	-34.193274
18.291	-34.193274
18.301	-34.193274
18.311	-34.193274
18.321	-34.193274
18.331	-34.193274
18.341	-34.193274
18.351	-34.193274
18.361	-34.193274
18.371	-34.193274
18.381	-34.193274
18.391	-34.193274
18.401	-34.193274
18.411	-34.193274
18.421	-34.193274
18.431	-34.193274
18.441	-34.193274
18.451	-34.193274
18.461	-34.193274
18.471	-34.193274
18.481	-34.193274
18.491	-34.193274
18.501	-34.193274
18.511	-34.193274
18.521	-34.193274
18.531	-34.193274
18.541	-34.193274
18.551	-34.193274
18.561	-34.193274
18.571	-34.193274
18.581	-34.193274
18.591	-34.193274
18.601	-34.193274
18.611	-34.193274
18.621	-34.193274
18.631	-34.193274
18.641	-34.193274
18.651	-34.193274
18.661	-34.193274
18.671	-34.193274
18.681	-34.193274
18.691	-34.193274
18.701	-34.193274
18.711	-34.193274
18.721	-34.193274
18.731	-34.193274
18.741	-34.193274
18.751	-34.193274
18.761	-34.193274
18.771	-34.193274
18.781	-34.193274
18.791	-34.193274
18.801	-34.193274
18.811	-34.193274
18.821	-34.193274
18.831	-34.193274
18.841	-34.193274
18.851	-34.193274
18.861	-34.193274
18.871	-34.193274
18.881	-34.193274
18.891	-34.193274
18.901	-34.193274
18.911	-34.193274
18.921	-34.193274
18.931	-34.193274
18.941	-34.193274
18.951	-34.193274
18.961	-34.193274
18.971	-34.193274
18.981	-34.193274
18.991	-34.193274
19.001	-34.193274
19.011	-34.193274
19.021	-34.193274
19.031	-34.193274
19.041	-34.193274
19.051	-34.193274
19.061	-34.193274
19.071	-34.193274
19.081	-34.193274
19.091	-34.193274
19.101	-34.193274
19.111	-34.193274
19.121	-34.193274
19.131	-34.193274
19.141	-34.193274
19.151	-34.193274
19.161	-34.193274
19.171	-34.193274
19.181	-34.193274
19.191	-34.193274
19.201	-34.193274
19.211	-34.193274
19.221	-34.193274
19.231	-34.193274
19.241	-34.193274
19.251	-34.193274
19.261	-34.193274
19.271	-34.193274
19.281	-34.193274
19.291	-34.193274
19.301	-34.193274
19.311	-34.193274
19.321	-34.193274
19.331	-34.193274
19.341	-34.193274
19.351	-34.193274
19.361	-34.193274
19.371	-34.193274
19.381	-34.193274
19.391	-34.193274
19.401	-34.193274
19.411	-34.193274
19.421	-34.193274
19.431	-34.193274
19.441	-34.193274
19.451	-34.193274
19.461	-34.193274
19.471	-34.193274
19.481	-34.193274
19.491	-34.193274
19.501	-34.193274
19.511	-34.193274
19.521	-34.193274
19.531	-34.193274
19.541	-34.193274
19.551	-34.193274
19.561	-34.193274
19.571	-34.193274
19.581	-34.193274
19.591	-34.193274
19.601	-34.193274
19.611	-34.193274
19.621	-34.193274
19.631	-34.193274
19.641	-34.193274
19.651	-34.193274
19.661	-34.193274
19.671	-34.193274
19.681	-34.193274
19.691	-34.193274
19.701	-34.193274
19.711	-34.193274
19.721	-34.193274
19.731	-34.193274
19.741	-34.193274
19.751	-34.193274
19.761	-34.193274
19.771	-34.193274
19.781	-34.193274
19.791	-34.193274
19.801	-34.193274
19.811	-34.193274
19.821	-34.193274
19.831	-34.193274
19.841	-34.193274
19.851	-34.193274
19.861	-34.193274
19.871	-34.193274
19.881	-34.193274
19.891	-34.193274
19.901	-34.193274
19.911	-34.193274
19.921	-34.193274
19.931	-34.193274
19.941	-34.193274
19.951	-34.193274
19.961	-34.193274
19.971	-34.193274
19.981	-34.193274
19.991	-34.193274
20.001	-34.193274
20.011	-34.193274
20.021	-34.193274
20.031	-34.193274
20.041	-34.193274
20.051	-34.193274
20.061	-34.193274
20.071	-34.193274
20.081	-34.193274
20.091	-34.193274
20.101	-34.193274
20.111	-34.193274
20.121	-34.193274
20.131	-34.193274
20.141	-34.193274
20.151	-34.193274
20.161	-34.193274
20.171	-34.193274
20.181	-34.193274
20.191	-34.193274
20.201	-34.193274
20.211	-34.193274
20.221	-34.193274
20.231	-34.193274
20.241	-34.193274
20.251	-34.193274
20.261	-34.193274
20.271	-34.193274
20.281	-34.193274
20.291	-34.193274
20.301	-34.193274
20.311	-34.193274
20.321	-34.193274
20.331	-34.193274
20.341	-34.193274
20.351	-34.193274
20.361	-34.193274
20.371	-34.193274
20.381	-34.193274
20.391	-34.193274
20.401	-34.193274
20.411	-34.193274
20.421	-34.193274
20.431	-34.193274
20.441	-34.193274
20.451	-34.193274
20.461	-34.193274
20.471	-34.193274
20.481	-34.193274
20.491	-34.193274
20.501	-34.193274
20.511	-34.193274
20.521	-34.193274
20.531	-34.193274
20.541	-34.193274
20.551	-34.193274
20.561	-34.193274
20.571	-34.193274
20.581	-34.193274
20.591	-34.193274
20.601	-34.193274
20.611	-34.193274
20.621	-34.193274
20.631	-34.193274
20.641	-34.193274
20.651	-34.193274
20.661	-34.193274
20.671	-34.193274
20.681	-34.193274
20.691	-34.193274
20.701	-34.193274
20.711	-34.193274
20.721	-34.193274
20.731	-34.193274
20.741	-34.193274
20.751	-34.193274
20.761	-34.193274
20.771	-34.193274
20.781	-34.193274
20.791	-34.193274
20.801	-34.193274
20.811	-34.193274
20.821	-34.193274
20.831	-34.193274
20.841	-34.193274
20.851	-34.193274
20.861	-34.193274
20.871	-34.193274
20.881	-34.193274
20.891	-34.193274
20.901	-34.193274
20.911	-34.193274
20.921	-34.193274
20.931	-34.193274
20.941	-34.193274
20.951	-34.193274
20.961	-34.193274
20.971	-34.193274
20.981	-34.193274
20.991	-34.193274
21.001	-34.193274
21.011	-34.193274
21.021	-34.193274
21.031	-34.193274
21.041	-34.193274
21.051	-34.193274
21.061	-34.193274
21.071	-34.193274
21.081	-34.193274
21.091	-34.193274
21.101	-34.193274
21.111	-34.193274
21.121	-34.193274
21.131	-34.193274
21.141	-34.193274
21.151	-34.193274
21.161	-34.193274
21.171	-34.193274
21.181	-34.193274
21.191	-34.193274
21.201	-34.193274
21.211	-34.193274
21.221	-34.193274
21.231	-34.193274
21.241	-34.193274
21.251	-34.193274
21.261	-34.193274
21.271	-34.193274
21.281	-34.193274
21.291	-34.193274
21.301	-34.193274
21.311	-34.193274
21.321	-34.193274
21.331	-34.193274
21.341	-34.193274
21.351	-34.193274
21.361	-34.193274
21.371	-34.193274
21.381	-34.193274
21.391	-34.193274
21.401	-34.193274
21.411	-34.193274
21.421	-34.193274
21.431	-34.193274
21.441	-34.193274
21.451	-34.193274
21.461	-34.193274
21.471	-34.193274
21.481	-34.193274
21.491	-34.193274
21.501	-34.193274
21.511	-34.193274
21.521	-34.193274
21.531	-34.193274
21.541	-34.193274
21.551	-34.193274
21.561	-34.193274
21.571	-34.193274
21.581	-34.193274
21.591	-34.193274
21.601	-34.193274
21.611	-34.193274
21.621	-34.193274
21.631	-34.193274
21.641	-34.193274
21.651	-34.193274
21.661	-34.193274
21.671	-34.193274
21.681	-34.193274
21.691	-34.193274
21.701	-34.193274
21.711	-34.193274
21.721	-34.193274
21.731	-34.193274
21.741	-34.193274
21.751	-34.193274
21.761	-34.193274
21.771	-34.193274
21.781	-34.193274
21.791	-34.193274
21.801	-34.193274
21.811	-34.193274
21.821	-34.193274
21.831	-34.193274
21.841	-34.193274
21.851	-34.193274
21.861	-34.193274
21.871	-34.193274
21.881	-34.193274
21.891	-34.193274
21.901	-34.193274
21.911	-34.193274
21.921	-34.193274
21.931	-34.193274
21.941	-34.193274
21.951	-34.193274
21.961	-34.193274
21.971	-34.193274
21.981	-34.193274
21.991	-34.193274
22.001	-34.193274
22.011	-34.193274
22.021	-34.193274
22.031	-34.193274
22.041	-34.193274
22.051	-34.193274
22.061	-34.193274
22.071	-34.193274
22.081	-34.193274
22.091	-34.193274
22.101	-34.193274
22.111	-34.193274
22.121	-34.193274
22.131	-34.193274
22.141	-34.193274
22.151	-34.193274
22.161	-34.193274
22.171	-34.193274
22.181	-34.193274
22.191	-34.193274
22.201	-34.193274
22.211	-34.193274
22.221	-34.193274
22.231	-34.193274
22.241	-34.193274
22.251	-34.193274
22.261	-34.193274
22.271	-34.193274
22.281	-34.193274
22.291	-34.193274
22.301	-34.193274
22.311	-34.193274
22.321	-34.193274
22.331	-34.193274
22.341	-34.193274
22.351	-34.193274
22.361	-34.193274
22.371	-34.193274
22.381	-34.193274
22.391	-34.193274
22.401	-34.193274
22.411	-34.193274
22.421	-34.193274
22.431	-34.193274
22.441	-34.193274
22.451	-34.193274
22.461	-34.193274
22.471	-34.193274
22.481	-34.193274
22.491	-34.193274
22.501	-34.193274
22.511	-34.193274
22.521	-34.193274
22.531	-34.193274
22.541	-34.193274
22.551	-34.193274
22.561	-34.193274
22.571	-34.193274
22.581	-34.193274
22.591	-34.193274
22.601	-34.193274
22.611	-34.193274
22.621	-34.193274
22.631	-34.193274
22.641	-34.193274
22.651	-34.193274
22.661	-34.193274
22.671	-34.193274
22.681	-34.193274
22.691	-34.193274
22.701	-34.193274
22.711	-34.193274
22.721	-34.193274
22.731	-34.193274
22.741	-34.193274
22.751	-34.193274
22.761	-34.193274
22.771	-34.193274
22.781	-34.193274
22.791	-34.193274
22.801	-34.193274
22.811	-34.193274
22.821	-34.193274
22.831	-34.193274
22.841	-34.193274
22.851	-34.193274
22.861	-34.193274
22.871	-34.193274
22.881	-34.193274
22.891	-34.193274
22.901	-34.193274
22.911	-34.193274
22.921	-34.193274
22.931	-34.193274
22.941	-34.193274
22.951	-34.193274
22.961	-34.193274
22.971	-34.193274
22.981	-34.193274
22.991	-34.193274
23.001	-34.193274
23.011	-34.193274
23.021	-34.193274
23.031	-34.193274
23.041	-34.193274
23.051	-34.193274
23.061	-34.193274
23.071	-34.193274
23.081	-34.193274
23.091	-34.193274
23.101	-34.193274
23.111	-34.193274
23.121	-34.193274
23.131	-34.193274
23.141	-34.193274
23.151	-34.193274
23.161	-34.193274
23.171	-34.193274
23.181	-34.193274
23.191	-34.193274
23.201	-34.193274
23.211	-34.193274
23.221	-34.193274
23.231	-34.193274
23.241	-34.193274
23.251	-34.193274
23.261	-34.193274
23.271	-34.193274
23.281	-34.193274
23.291	-34.193274
23.301	-34.193274
23.311	-34.193274
23.321	-34.193274
23.331	-34.193274
23.341	-34.193274
23.351	-34.193274
23.361	-34.193274
23.371	-34.193274
23.381	-34.193274
23.391	-34.193274
23.401	-34.193274
23.411	-34.193274
23.421	-34.193274
23.431	-34.193274
23.441	-34.193274
23.451	-34.193274
23.461	-34.193274
23.471	-34.193274
23.481	-34.193274
23.491	-34.193274
23.501	-34.193274
23.511	-34.193274
23.521	-34.193274
23.531	-34.193274
23.541	-34.193274
23.551	-34.193274
23.561	-34.193274
23.571	-34.193274
23.581	-34.193274
23.591	-34.193274
23.601	-34.193274
23.611	-34.193274
23.621	-34.193274
23.631	-34.193274
23.641	-34.193274
23.651	-34.193274
23.661	-34.193274
23.671	-34.193274
23.681	-34.193274
23.691	-34.193274
23.701	-34.193274
23.711	-34.193274
23.721	-34.193274
23.731	-34.193274
23.741	-34.193274
23.751	-34.193274
23.761	-34.193274
23.771	-34.193274
23.781	-34.193274
23.791	-34.193274
23.801	-34.193274
23.811	-34.193274
23.821	-34.193274
23.831	-34.193274
23.841	-34.193274
23.851	-34.193274
23.861	-34.193274
23.871	-34.193274
23.881	-34.193274
23.891	-34.193274
23.901	-34.193274
23.911	-34.193274
23.921	-34.193274
23.931	-34.193274
23.941	-34.193274
23.951	-34.193274
23.961	-34.193274
23.971	-34.193274
23.981	-34.193274
23.991	-34.193274
24.001	-34.193274
24.011	-34.193274
24.021	-34.193274
24.031	-34.193274
24.041	-34.193274
24.051	-34.193274
24.061	-34.193274
24.071	-34.193274
24.081	-34.193274
24.091	-34.193274
24.101	-34.193274
24.111	-34.193274
24.121	-34.193274
24.131	-34.193274
24.141	-34.193274
24.151	-34.193274
24.161	-34.193274
24.171	-34.193274
24.181	-34.193274
24.191	-34.193274
24.201	-34.193274
24.211	-34.193274
24.221	-34.193274
24.231	-34.193274
24.241	-34.193274
24.251	-34.193274
24.261	-34.193274
24.271	-34.193274
24.281	-34.193274
24.291	-34.193274
24.301	-34.193274
24.311	-34.193274
24.321	-34.193274
24.331	-34.193274
24.341	-34.193274
24.351	-34.193274
24.361	-34.193274
24.371	-34.193274
24.381	-34.193274
24.391	-34.193274
24.401	-34.193274
24.411	-34.193274
24.421	-34.193274
24.431	-34.193274
24.441	-34.193274
24.451	-34.193274
24.461	-34.193274
24.471	-34.193274
24.481	-34.193274
24.491	-34.193274
24.501	-34.193274
24.511	-34.193274
24.521	-34.193274
24.531	-34.193274
24.541	-34.193274
24.551	-34.193274
24.561	-34.193274
24.571	-34.193274
24.581	-34.193274
24.591	-34.193274
24.601	-34.193274
24.611	-34.193274
24.621	-34.193274
24.631	-34.193274
24.641	-34.193274
24.651	-34.193274
24.661	-34.193274
24.671	-34.193274
24.681	-34.193274
24.691	-34.193274
24.701	-34.193274
24.711	-34.193274
24.721	-34.193274
24.731	-34.193274
24.741	-34.193274
24.751	-34.193274
24.761	-34.193274
24.771	-34.193274
24.781	-34.193274
24.791	-34.193274
24.801	-34.193274
24.811	-34.193274
24.821	-34.193274
24.831	-34.193274
24.841	-34.193274
24.851	-34.193274
24.861	-34.193274
24.871	-34.193274
24.881	-34.193274
24.891	-34.193274
24.901	-34.193274
24.911	-34.193274
24.921	-34.193274
24.931	-34.193274
24.941	-34.193274
24.951	-34.193274
24.961	-34.193274
24.971	-34.193274
24.981	-34.193274
24.991	-34.193274
