50.000000 -34.193274
50.100000 -34.062554
50.200000 -33.932412
50.300000 -33.802842
50.400000 -33.673843
50.500000 -33.545409
50.600000 -33.417538
50.700000 -33.290225
50.800000 -33.163467
50.900000 -33.037260
51.000000 -32.911601
51.100000 -32.786487
51.200000 -32.661913
51.300000 -32.537876
51.400000 -32.414374
51.500000 -32.291401
51.600000 -32.168956
51.700000 -32.047035
51.800000 -31.925634
51.900000 -31.804750
52.000000 -31.684380
52.100000 -31.564521
52.200000 -31.445169
52.300000 -31.326321
52.400000 -31.207975
52.500000 -31.090126
52.600000 -30.972772
52.700000 -30.855910
52.800000 -30.739536
52.900000 -30.623648
53.000000 -30.508243
53.100000 -30.393317
53.200000 -30.278868
53.300000 -30.164893
53.400000 -30.051389
53.500000 -29.938353
53.600000 -29.825781
53.700000 -29.713672
53.800000 -29.602023
53.900000 -29.490830
54.000000 -29.380091
54.100000 -29.269803
54.200000 -29.159963
54.300000 -29.050569
54.400000 -28.941619
54.500000 -28.833108
54.600000 -28.725035
54.700000 -28.617398
54.800000 -28.510193
54.900000 -28.403417
55.000000 -28.297069
55.100000 -28.191146
55.200000 -28.085645
55.300000 -27.980564
55.400000 -27.875900
55.500000 -27.771651
55.600000 -27.667815
55.700000 -27.564388
55.800000 -27.461369
55.900000 -27.358756
56.000000 -27.256545
56.100000 -27.154734
56.200000 -27.053322
56.300000 -26.952306
56.400000 -26.851683
56.500000 -26.751451
56.600000 -26.651608
56.700000 -26.552152
56.800000 -26.453081
56.900000 -26.354392
57.000000 -26.256083
57.100000 -26.158152
57.200000 -26.060597
57.300000 -25.963416
57.400000 -25.866606
57.500000 -25.770165
57.600000 -25.674092
57.700000 -25.578384
57.800000 -25.483040
57.900000 -25.388056
58.000000 -25.293432
58.100000 -25.199164
58.200000 -25.105252
58.300000 -25.011693
58.400000 -24.918485
58.500000 -24.825626
58.600000 -24.733115
58.700000 -24.640948
58.800000 -24.549126
58.900000 -24.457644
59.000000 -24.366502
59.100000 -24.275698
59.200000 -24.185230
59.300000 -24.095096
59.400000 -24.005294
59.500000 -23.915822
59.600000 -23.826679
59.700000 -23.737863
59.800000 -23.649372
59.900000 -23.561203
60.000000 -23.473357
60.100000 -23.385830
60.200000 -23.298621
60.300000 -23.211728
60.400000 -23.125150
60.500000 -23.038885
60.600000 -22.952931
60.700000 -22.867287
60.800000 -22.781950
60.900000 -22.696920
61.000000 -22.612194
61.100000 -22.527771
61.200000 -22.443650
61.300000 -22.359828
61.400000 -22.276305
61.500000 -22.193078
61.600000 -22.110146
61.700000 -22.027508
61.800000 -21.945161
61.900000 -21.863105
62.000000 -21.781338
62.100000 -21.699859
62.200000 -21.618665
62.300000 -21.537755
62.400000 -21.457128
62.500000 -21.376783
62.600000 -21.296718
62.700000 -21.216931
62.800000 -21.137422
62.900000 -21.058187
63.000000 -20.979228
63.100000 -20.900541
63.200000 -20.822125
63.300000 -20.743979
63.400000 -20.666102
63.500000 -20.588493
63.600000 -20.511149
63.700000 -20.434070
63.800000 -20.357253
63.900000 -20.280699
64.000000 -20.204405
64.100000 -20.128371
64.200000 -20.052594
64.300000 -19.977074
64.400000 -19.901809
64.500000 -19.826799
64.600000 -19.752041
64.700000 -19.677534
64.800000 -19.603278
64.900000 -19.529271
65.000000 -19.455511
65.100000 -19.381998
65.200000 -19.308730
65.300000 -19.235706
65.400000 -19.162926
65.500000 -19.090386
65.600000 -19.018087
65.700000 -18.946028
65.800000 -18.874206
65.900000 -18.802622
66.000000 -18.731273
66.100000 -18.660159
66.200000 -18.589278
66.300000 -18.518629
66.400000 -18.448212
66.500000 -18.378025
66.600000 -18.308066
66.700000 -18.238336
66.800000 -18.168832
66.900000 -18.099554
67.000000 -18.030500
67.100000 -17.961670
67.200000 -17.893062
67.300000 -17.824675
67.400000 -17.756509
67.500000 -17.688562
67.600000 -17.620833
67.700000 -17.553321
67.800000 -17.486025
67.900000 -17.418944
68.000000 -17.352077
68.100000 -17.285423
68.200000 -17.218981
68.300000 -17.152750
68.400000 -17.086729
68.500000 -17.020917
68.600000 -16.955313
68.700000 -16.889916
68.800000 -16.824725
68.900000 -16.759740
69.000000 -16.694958
69.100000 -16.630379
69.200000 -16.566003
69.300000 -16.501828
69.400000 -16.437853
69.500000 -16.374078
69.600000 -16.310501
69.700000 -16.247122
69.800000 -16.183939
69.900000 -16.120952
70.000000 -16.058160
70.100000 -15.995562
70.200000 -15.933157
70.300000 -15.870944
70.400000 -15.808922
70.500000 -15.747091
70.600000 -15.685449
70.700000 -15.623996
70.800000 -15.562731
70.900000 -15.501653
71.000000 -15.440761
71.100000 -15.380054
71.200000 -15.319531
71.300000 -15.259192
71.400000 -15.199036
71.500000 -15.139062
71.600000 -15.079269
71.700000 -15.019656
71.800000 -14.960223
71.900000 -14.900968
72.000000 -14.841891
72.100000 -14.782992
72.200000 -14.724268
72.300000 -14.665720
72.400000 -14.607347
72.500000 -14.549148
72.600000 -14.491122
72.700000 -14.433268
72.800000 -14.375587
72.900000 -14.318075
73.000000 -14.260735
73.100000 -14.203563
73.200000 -14.146560
73.300000 -14.089725
73.400000 -14.033057
73.500000 -13.976556
73.600000 -13.920220
73.700000 -13.864050
73.800000 -13.808043
73.900000 -13.752200
74.000000 -13.696520
74.100000 -13.641002
74.200000 -13.585646
74.300000 -13.530450
74.400000 -13.475414
74.500000 -13.420538
74.600000 -13.365820
74.700000 -13.311260
74.800000 -13.256858
74.900000 -13.202612
75.000000 -13.148522
75.100000 -13.094587
75.200000 -13.040807
75.300000 -12.987181
75.400000 -12.933708
75.500000 -12.880388
75.600000 -12.827219
75.700000 -12.774202
75.800000 -12.721336
75.900000 -12.668620
76.000000 -12.616053
76.100000 -12.563635
76.200000 -12.511366
76.300000 -12.459244
76.400000 -12.407268
76.500000 -12.355439
76.600000 -12.303756
76.700000 -12.252218
76.800000 -12.200824
76.900000 -12.149574
77.000000 -12.098468
77.100000 -12.047504
77.200000 -11.996682
77.300000 -11.946002
77.400000 -11.895462
77.500000 -11.845063
77.600000 -11.794804
77.700000 -11.744683
77.800000 -11.694702
77.900000 -11.644858
78.000000 -11.595152
78.100000 -11.545583
78.200000 -11.496150
78.300000 -11.446852
78.400000 -11.397690
78.500000 -11.348663
78.600000 -11.299770
78.700000 -11.251010
78.800000 -11.202384
78.900000 -11.153889
79.000000 -11.105527
79.100000 -11.057296
79.200000 -11.009196
79.300000 -10.961227
79.400000 -10.913387
79.500000 -10.865676
79.600000 -10.818094
79.700000 -10.770641
79.800000 -10.723315
79.900000 -10.676116
80.000000 -10.629044
80.100000 -10.582099
80.200000 -10.535279
80.300000 -10.488584
80.400000 -10.442014
80.500000 -10.395568
80.600000 -10.349246
80.700000 -10.303047
80.800000 -10.256971
80.900000 -10.211017
81.000000 -10.165184
81.100000 -10.119473
81.200000 -10.073883
81.300000 -10.028413
81.400000 -9.983063
81.500000 -9.937833
81.600000 -9.892721
81.700000 -9.847728
81.800000 -9.802852
81.900000 -9.758095
82.000000 -9.713454
82.100000 -9.668930
82.200000 -9.624522
82.300000 -9.580230
82.400000 -9.536053
82.500000 -9.491990
82.600000 -9.448043
82.700000 -9.404209
82.800000 -9.360488
82.900000 -9.316881
83.000000 -9.273386
83.100000 -9.230003
83.200000 -9.186732
83.300000 -9.143572
83.400000 -9.100524
83.500000 -9.057585
83.600000 -9.014757
83.700000 -8.972038
83.800000 -8.929429
83.900000 -8.886928
84.000000 -8.844536
84.100000 -8.802251
84.200000 -8.760074
84.300000 -8.718005
84.400000 -8.676042
84.500000 -8.634185
84.600000 -8.592434
84.700000 -8.550789
84.800000 -8.509249
84.900000 -8.467813
85.000000 -8.426482
85.100000 -8.385255
85.200000 -8.344132
85.300000 -8.303111
85.400000 -8.262193
85.500000 -8.221378
85.600000 -8.180665
85.700000 -8.140053
85.800000 -8.099543
85.900000 -8.059133
86.000000 -8.018824
86.100000 -7.978615
86.200000 -7.938506
86.300000 -7.898497
86.400000 -7.858586
86.500000 -7.818774
86.600000 -7.779060
86.700000 -7.739444
86.800000 -7.699926
86.900000 -7.660505
87.000000 -7.621180
87.100000 -7.581953
87.200000 -7.542821
87.300000 -7.503785
87.400000 -7.464845
87.500000 -7.426000
87.600000 -7.387249
87.700000 -7.348593
87.800000 -7.310031
87.900000 -7.271563
88.000000 -7.233188
88.100000 -7.194906
88.200000 -7.156716
88.300000 -7.118620
88.400000 -7.080615
88.500000 -7.042702
88.600000 -7.004880
88.700000 -6.967149
88.800000 -6.929509
88.900000 -6.891960
89.000000 -6.854500
89.100000 -6.817130
89.200000 -6.779850
89.300000 -6.742659
89.400000 -6.705556
89.500000 -6.668542
89.600000 -6.631616
89.700000 -6.594778
89.800000 -6.558028
89.900000 -6.521365
90.000000 -6.484788
90.100000 -6.448298
90.200000 -6.411895
90.300000 -6.375578
90.400000 -6.339346
90.500000 -6.303199
90.600000 -6.267138
90.700000 -6.231162
90.800000 -6.195270
90.900000 -6.159462
91.000000 -6.123738
91.100000 -6.088098
91.200000 -6.052541
91.300000 -6.017067
91.400000 -5.981676
91.500000 -5.946367
91.600000 -5.911140
91.700000 -5.875995
91.800000 -5.840932
91.900000 -5.805950
92.000000 -5.771050
92.100000 -5.736230
92.200000 -5.701490
92.300000 -5.666831
92.400000 -5.632251
92.500000 -5.597751
92.600000 -5.563331
92.700000 -5.528989
92.800000 -5.494727
92.900000 -5.460543
93.000000 -5.426437
93.100000 -5.392409
93.200000 -5.358459
93.300000 -5.324587
93.400000 -5.290792
93.500000 -5.257073
93.600000 -5.223432
93.700000 -5.189867
93.800000 -5.156378
93.900000 -5.122964
94.000000 -5.089627
94.100000 -5.056365
94.200000 -5.023178
94.300000 -4.990066
94.400000 -4.957029
94.500000 -4.924066
94.600000 -4.891177
94.700000 -4.858362
94.800000 -4.825621
94.900000 -4.792953
95.000000 -4.760358
95.100000 -4.727837
95.200000 -4.695387
95.300000 -4.663011
95.400000 -4.630706
95.500000 -4.598474
95.600000 -4.566313
95.700000 -4.534223
95.800000 -4.502205
95.900000 -4.470258
96.000000 -4.438382
96.100000 -4.406576
96.200000 -4.374840
96.300000 -4.343174
96.400000 -4.311579
96.500000 -4.280053
96.600000 -4.248596
96.700000 -4.217208
96.800000 -4.185889
96.900000 -4.154639
97.000000 -4.123458
97.100000 -4.092344
97.200000 -4.061299
97.300000 -4.030322
97.400000 -3.999412
97.500000 -3.968569
97.600000 -3.937794
97.700000 -3.907085
97.800000 -3.876443
97.900000 -3.845868
98.000000 -3.815359
98.100000 -3.784916
98.200000 -3.754538
98.300000 -3.724227
98.400000 -3.693981
98.500000 -3.663800
98.600000 -3.633684
98.700000 -3.603632
98.800000 -3.573646
98.900000 -3.543723
99.000000 -3.513865
99.100000 -3.484071
99.200000 -3.454341
99.300000 -3.424674
99.400000 -3.395070
99.500000 -3.365530
99.600000 -3.336053
99.700000 -3.306638
99.800000 -3.277286
99.900000 -3.247996
100.000000 -3.218768
100.100000 -3.189603
100.200000 -3.160499
100.300000 -3.131456
100.400000 -3.102475
100.500000 -3.073556
100.600000 -3.044697
100.700000 -3.015899
100.800000 -2.987161
100.900000 -2.958484
101.000000 -2.929867
101.100000 -2.901310
101.200000 -2.872813
101.300000 -2.844376
101.400000 -2.815998
101.500000 -2.787679
101.600000 -2.759420
101.700000 -2.731219
101.800000 -2.703077
101.900000 -2.674994
102.000000 -2.646969
102.100000 -2.619002
102.200000 -2.591093
102.300000 -2.563242
102.400000 -2.535449
102.500000 -2.507713
102.600000 -2.480034
102.700000 -2.452413
102.800000 -2.424848
102.900000 -2.397340
103.000000 -2.369889
103.100000 -2.342494
103.200000 -2.315156
103.300000 -2.287873
103.400000 -2.260647
103.500000 -2.233476
103.600000 -2.206360
103.700000 -2.179300
103.800000 -2.152295
103.900000 -2.125346
104.000000 -2.098451
104.100000 -2.071611
104.200000 -2.044825
104.300000 -2.018094
104.400000 -1.991417
104.500000 -1.964794
104.600000 -1.938225
104.700000 -1.911709
104.800000 -1.885247
104.900000 -1.858839
105.000000 -1.832484
105.100000 -1.806182
105.200000 -1.779933
105.300000 -1.753736
105.400000 -1.727592
105.500000 -1.701501
105.600000 -1.675462
105.700000 -1.649475
105.800000 -1.623540
105.900000 -1.597656
106.000000 -1.571825
106.100000 -1.546045
106.200000 -1.520316
106.300000 -1.494639
106.400000 -1.469012
106.500000 -1.443437
106.600000 -1.417912
106.700000 -1.392438
106.800000 -1.367014
106.900000 -1.341640
107.000000 -1.316317
107.100000 -1.291044
107.200000 -1.265820
107.300000 -1.240647
107.400000 -1.215522
107.500000 -1.190448
107.600000 -1.165422
107.700000 -1.140446
107.800000 -1.115518
107.900000 -1.090640
108.000000 -1.065810
108.100000 -1.041028
108.200000 -1.016295
108.300000 -0.991611
108.400000 -0.966974
108.500000 -0.942386
108.600000 -0.917845
108.700000 -0.893352
108.800000 -0.868906
108.900000 -0.844508
109.000000 -0.820158
109.100000 -0.795854
109.200000 -0.771598
109.300000 -0.747388
109.400000 -0.723225
109.500000 -0.699109
109.600000 -0.675039
109.700000 -0.651016
109.800000 -0.627038
109.900000 -0.603107
110.000000 -0.579222
110.100000 -0.555382
110.200000 -0.531589
110.300000 -0.507841
110.400000 -0.484138
110.500000 -0.460480
110.600000 -0.436868
110.700000 -0.413301
110.800000 -0.389778
110.900000 -0.366301
111.000000 -0.342868
111.100000 -0.319479
111.200000 -0.296135
111.300000 -0.272836
111.400000 -0.249580
111.500000 -0.226368
111.600000 -0.203201
111.700000 -0.180077
111.800000 -0.156997
111.900000 -0.133960
112.000000 -0.110967
112.100000 -0.088017
112.200000 -0.065110
112.300000 -0.042246
112.400000 -0.019425
112.500000 0.003353
112.600000 0.026089
112.700000 0.048782
112.800000 0.071432
112.900000 0.094040
113.000000 0.116606
113.100000 0.139130
113.200000 0.161612
113.300000 0.184052
113.400000 0.206450
113.500000 0.228807
113.600000 0.251122
113.700000 0.273396
113.800000 0.295629
113.900000 0.317820
114.000000 0.339970
114.100000 0.362080
114.200000 0.384148
114.300000 0.406176
114.400000 0.428164
114.500000 0.450110
114.600000 0.472017
114.700000 0.493883
114.800000 0.515709
114.900000 0.537495
115.000000 0.559241
115.100000 0.580948
115.200000 0.602614
115.300000 0.624241
115.400000 0.645829
115.500000 0.667377
115.600000 0.688885
115.700000 0.710355
115.800000 0.731786
115.900000 0.753177
116.000000 0.774530
116.100000 0.795844
116.200000 0.817119
116.300000 0.838356
116.400000 0.859555
116.500000 0.880715
116.600000 0.901837
116.700000 0.922920
116.800000 0.943966
116.900000 0.964974
117.000000 0.985944
117.100000 1.006876
117.200000 1.027771
117.300000 1.048628
117.400000 1.069448
117.500000 1.090230
117.600000 1.110975
117.700000 1.131684
117.800000 1.152355
117.900000 1.172989
118.000000 1.193586
118.100000 1.214147
118.200000 1.234671
118.300000 1.255159
118.400000 1.275610
118.500000 1.296025
118.600000 1.316403
118.700000 1.336746
118.800000 1.357052
118.900000 1.377322
119.000000 1.397557
119.100000 1.417756
119.200000 1.437919
119.300000 1.458047
119.400000 1.478139
119.500000 1.498196
119.600000 1.518217
119.700000 1.538204
119.800000 1.558155
119.900000 1.578071
120.000000 1.597952
120.100000 1.617799
120.200000 1.637611
120.300000 1.657388
120.400000 1.677130
120.500000 1.696839
120.600000 1.716512
120.700000 1.736152
120.800000 1.755757
120.900000 1.775328
121.000000 1.794865
121.100000 1.814369
121.200000 1.833838
121.300000 1.853274
121.400000 1.872676
121.500000 1.892044
121.600000 1.911379
121.700000 1.930681
121.800000 1.949949
121.900000 1.969184
122.000000 1.988386
122.100000 2.007555
122.200000 2.026691
122.300000 2.045793
122.400000 2.064864
122.500000 2.083901
122.600000 2.102906
122.700000 2.121878
122.800000 2.140818
122.900000 2.159725
123.000000 2.178600
123.100000 2.197443
123.200000 2.216254
123.300000 2.235033
123.400000 2.253779
123.500000 2.272494
123.600000 2.291177
123.700000 2.309829
123.800000 2.328448
123.900000 2.347036
124.000000 2.365593
124.100000 2.384118
124.200000 2.402612
124.300000 2.421074
124.400000 2.439506
124.500000 2.457906
124.600000 2.476276
124.700000 2.494614
124.800000 2.512921
124.900000 2.531198
125.000000 2.549444
125.100000 2.567660
125.200000 2.585844
125.300000 2.603999
125.400000 2.622123
125.500000 2.640217
125.600000 2.658280
125.700000 2.676313
125.800000 2.694316
125.900000 2.712290
126.000000 2.730233
126.100000 2.748146
126.200000 2.766030
126.300000 2.783883
126.400000 2.801708
126.500000 2.819502
126.600000 2.837267
126.700000 2.855003
126.800000 2.872709
126.900000 2.890386
127.000000 2.908034
127.100000 2.925653
127.200000 2.943243
127.300000 2.960803
127.400000 2.978335
127.500000 2.995838
127.600000 3.013312
127.700000 3.030757
127.800000 3.048174
127.900000 3.065562
128.000000 3.082922
128.100000 3.100253
128.200000 3.117556
128.300000 3.134831
128.400000 3.152077
128.500000 3.169296
128.600000 3.186486
128.700000 3.203648
128.800000 3.220782
128.900000 3.237888
129.000000 3.254967
129.100000 3.272018
129.200000 3.289041
129.300000 3.306036
129.400000 3.323004
129.500000 3.339945
129.600000 3.356858
129.700000 3.373744
129.800000 3.390602
129.900000 3.407433
130.000000 3.424238
130.100000 3.441015
130.200000 3.457765
130.300000 3.474488
130.400000 3.491184
130.500000 3.507853
130.600000 3.524496
130.700000 3.541112
130.800000 3.557701
130.900000 3.574264
131.000000 3.590800
131.100000 3.607310
131.200000 3.623794
131.300000 3.640251
131.400000 3.656682
131.500000 3.673087
131.600000 3.689465
131.700000 3.705818
131.800000 3.722144
131.900000 3.738445
132.000000 3.754720
132.100000 3.770969
132.200000 3.787192
132.300000 3.803389
132.400000 3.819561
132.500000 3.835708
132.600000 3.851828
132.700000 3.867924
132.800000 3.883994
132.900000 3.900038
133.000000 3.916058
133.100000 3.932052
133.200000 3.948021
133.300000 3.963965
133.400000 3.979884
133.500000 3.995778
133.600000 4.011647
133.700000 4.027491
133.800000 4.043310
133.900000 4.059105
134.000000 4.074875
134.100000 4.090620
134.200000 4.106341
134.300000 4.122037
134.400000 4.137709
134.500000 4.153357
134.600000 4.168980
134.700000 4.184579
134.800000 4.200153
134.900000 4.215704
135.000000 4.231230
135.100000 4.246732
135.200000 4.262210
135.300000 4.277665
135.400000 4.293095
135.500000 4.308502
135.600000 4.323885
135.700000 4.339244
135.800000 4.354579
135.900000 4.369891
136.000000 4.385179
136.100000 4.400444
136.200000 4.415685
136.300000 4.430903
136.400000 4.446098
136.500000 4.461269
136.600000 4.476417
136.700000 4.491542
136.800000 4.506644
136.900000 4.521722
137.000000 4.536778
137.100000 4.551811
137.200000 4.566820
137.300000 4.581807
137.400000 4.596771
137.500000 4.611713
137.600000 4.626631
137.700000 4.641527
137.800000 4.656400
137.900000 4.671251
138.000000 4.686079
138.100000 4.700885
138.200000 4.715669
138.300000 4.730430
138.400000 4.745168
138.500000 4.759885
138.600000 4.774579
138.700000 4.789251
138.800000 4.803901
138.900000 4.818529
139.000000 4.833135
139.100000 4.847719
139.200000 4.862281
139.300000 4.876822
139.400000 4.891340
139.500000 4.905837
139.600000 4.920312
139.700000 4.934765
139.800000 4.949197
139.900000 4.963607
140.000000 4.977996
140.100000 4.992363
140.200000 5.006709
140.300000 5.021033
140.400000 5.035336
140.500000 5.049618
140.600000 5.063879
140.700000 5.078118
140.800000 5.092336
140.900000 5.106533
141.000000 5.120709
141.100000 5.134865
141.200000 5.148999
141.300000 5.163112
141.400000 5.177205
141.500000 5.191276
141.600000 5.205327
141.700000 5.219357
141.800000 5.233367
141.900000 5.247356
142.000000 5.261324
142.100000 5.275272
142.200000 5.289199
142.300000 5.303106
142.400000 5.316992
142.500000 5.330858
142.600000 5.344704
142.700000 5.358530
142.800000 5.372335
142.900000 5.386120
143.000000 5.399885
143.100000 5.413630
143.200000 5.427355
143.300000 5.441059
143.400000 5.454744
143.500000 5.468409
143.600000 5.482054
143.700000 5.495680
143.800000 5.509285
143.900000 5.522871
144.000000 5.536437
144.100000 5.549983
144.200000 5.563510
144.300000 5.577017
144.400000 5.590505
144.500000 5.603973
144.600000 5.617422
144.700000 5.630851
144.800000 5.644261
144.900000 5.657652
145.000000 5.671023
145.100000 5.684375
145.200000 5.697708
145.300000 5.711022
145.400000 5.724317
145.500000 5.737593
145.600000 5.750849
145.700000 5.764087
145.800000 5.777306
145.900000 5.790505
146.000000 5.803686
146.100000 5.816848
146.200000 5.829992
146.300000 5.843116
146.400000 5.856222
146.500000 5.869309
146.600000 5.882378
146.700000 5.895428
146.800000 5.908459
146.900000 5.921472
147.000000 5.934466
147.100000 5.947442
147.200000 5.960400
147.300000 5.973339
147.400000 5.986260
147.500000 5.999163
147.600000 6.012047
147.700000 6.024914
147.800000 6.037762
147.900000 6.050592
148.000000 6.063404
148.100000 6.076198
148.200000 6.088973
148.300000 6.101731
148.400000 6.114471
148.500000 6.127193
148.600000 6.139898
148.700000 6.152584
148.800000 6.165253
148.900000 6.177904
149.000000 6.190537
149.100000 6.203152
149.200000 6.215750
149.300000 6.228330
149.400000 6.240893
149.500000 6.253438
149.600000 6.265966
149.700000 6.278476
149.800000 6.290969
149.900000 6.303445
150.000000 6.315903
150.100000 6.328344
150.200000 6.340767
150.300000 6.353174
150.400000 6.365563
150.500000 6.377935
150.600000 6.390290
150.700000 6.402628
150.800000 6.414948
150.900000 6.427252
151.000000 6.439539
151.100000 6.451809
151.200000 6.464062
151.300000 6.476298
151.400000 6.488517
151.500000 6.500719
151.600000 6.512905
151.700000 6.525074
151.800000 6.537226
151.900000 6.549361
152.000000 6.561480
152.100000 6.573582
152.200000 6.585668
152.300000 6.597737
152.400000 6.609790
152.500000 6.621826
152.600000 6.633846
152.700000 6.645849
152.800000 6.657836
152.900000 6.669807
153.000000 6.681761
153.100000 6.693699
153.200000 6.705621
153.300000 6.717527
153.400000 6.729416
153.500000 6.741290
153.600000 6.753147
153.700000 6.764988
153.800000 6.776813
153.900000 6.788622
154.000000 6.800416
154.100000 6.812193
154.200000 6.823954
154.300000 6.835700
154.400000 6.847429
154.500000 6.859143
154.600000 6.870841
154.700000 6.882523
154.800000 6.894190
154.900000 6.905841
155.000000 6.917476
155.100000 6.929096
155.200000 6.940700
155.300000 6.952288
155.400000 6.963861
155.500000 6.975419
155.600000 6.986961
155.700000 6.998487
155.800000 7.009999
155.900000 7.021494
156.000000 7.032975
156.100000 7.044440
156.200000 7.055890
156.300000 7.067324
156.400000 7.078744
156.500000 7.090148
156.600000 7.101537
156.700000 7.112911
156.800000 7.124270
156.900000 7.135614
157.000000 7.146942
157.100000 7.158256
157.200000 7.169555
157.300000 7.180839
157.400000 7.192108
157.500000 7.203362
157.600000 7.214601
157.700000 7.225825
157.800000 7.237035
157.900000 7.248229
158.000000 7.259409
158.100000 7.270575
158.200000 7.281725
158.300000 7.292861
158.400000 7.303983
158.500000 7.315089
158.600000 7.326181
158.700000 7.337259
158.800000 7.348322
158.900000 7.359371
159.000000 7.370405
159.100000 7.381425
159.200000 7.392430
159.300000 7.403421
159.400000 7.414398
159.500000 7.425360
159.600000 7.436308
159.700000 7.447242
159.800000 7.458161
159.900000 7.469066
160.000000 7.479958
160.100000 7.490835
160.200000 7.501698
160.300000 7.512546
160.400000 7.523381
160.500000 7.534202
160.600000 7.545008
160.700000 7.555801
160.800000 7.566580
160.900000 7.577345
161.000000 7.588096
161.100000 7.598833
161.200000 7.609556
161.300000 7.620265
161.400000 7.630961
161.500000 7.641643
161.600000 7.652311
161.700000 7.662965
161.800000 7.673606
161.900000 7.684233
162.000000 7.694846
162.100000 7.705446
162.200000 7.716032
162.300000 7.726604
162.400000 7.737163
162.500000 7.747709
162.600000 7.758241
162.700000 7.768760
162.800000 7.779265
162.900000 7.789757
163.000000 7.800235
163.100000 7.810700
163.200000 7.821152
163.300000 7.831590
163.400000 7.842015
163.500000 7.852427
163.600000 7.862826
163.700000 7.873211
163.800000 7.883584
163.900000 7.893943
164.000000 7.904289
164.100000 7.914622
164.200000 7.924942
164.300000 7.935249
164.400000 7.945542
164.500000 7.955823
164.600000 7.966091
164.700000 7.976346
164.800000 7.986588
164.900000 7.996817
165.000000 8.007033
165.100000 8.017236
165.200000 8.027426
165.300000 8.037604
165.400000 8.047769
165.500000 8.057921
165.600000 8.068060
165.700000 8.078187
165.800000 8.088301
165.900000 8.098402
166.000000 8.108491
166.100000 8.118567
166.200000 8.128630
166.300000 8.138681
166.400000 8.148720
166.500000 8.158745
166.600000 8.168759
166.700000 8.178760
166.800000 8.188748
166.900000 8.198724
167.000000 8.208687
167.100000 8.218639
167.200000 8.228577
167.300000 8.238504
167.400000 8.248418
167.500000 8.258320
167.600000 8.268210
167.700000 8.278087
167.800000 8.287952
167.900000 8.297805
168.000000 8.307646
168.100000 8.317474
168.200000 8.327291
168.300000 8.337095
168.400000 8.346888
168.500000 8.356668
168.600000 8.366436
168.700000 8.376192
168.800000 8.385936
168.900000 8.395668
169.000000 8.405389
169.100000 8.415097
169.200000 8.424793
169.300000 8.434478
169.400000 8.444150
169.500000 8.453811
169.600000 8.463460
169.700000 8.473097
169.800000 8.482723
169.900000 8.492336
170.000000 8.501938
170.100000 8.511528
170.200000 8.521107
170.300000 8.530674
170.400000 8.540229
170.500000 8.549772
170.600000 8.559304
170.700000 8.568825
170.800000 8.578333
170.900000 8.587831
171.000000 8.597316
171.100000 8.606790
171.200000 8.616253
171.300000 8.625704
171.400000 8.635144
171.500000 8.644573
171.600000 8.653990
171.700000 8.663395
171.800000 8.672789
171.900000 8.682172
172.000000 8.691544
172.100000 8.700904
172.200000 8.710253
172.300000 8.719591
172.400000 8.728918
172.500000 8.738233
172.600000 8.747537
172.700000 8.756830
172.800000 8.766112
172.900000 8.775382
173.000000 8.784642
173.100000 8.793890
173.200000 8.803128
173.300000 8.812354
173.400000 8.821569
173.500000 8.830773
173.600000 8.839967
173.700000 8.849149
173.800000 8.858320
173.900000 8.867481
174.000000 8.876630
174.100000 8.885769
174.200000 8.894896
174.300000 8.904013
174.400000 8.913119
174.500000 8.922214
174.600000 8.931299
174.700000 8.940372
174.800000 8.949435
174.900000 8.958487
175.000000 8.967529
175.100000 8.976559
175.200000 8.985579
175.300000 8.994589
175.400000 9.003587
175.500000 9.012575
175.600000 9.021553
175.700000 9.030519
175.800000 9.039476
175.900000 9.048421
176.000000 9.057357
176.100000 9.066281
176.200000 9.075195
176.300000 9.084099
176.400000 9.092992
176.500000 9.101875
176.600000 9.110747
176.700000 9.119609
176.800000 9.128461
176.900000 9.137302
177.000000 9.146133
177.100000 9.154953
177.200000 9.163763
177.300000 9.172563
177.400000 9.181353
177.500000 9.190132
177.600000 9.198901
177.700000 9.207660
177.800000 9.216408
177.900000 9.225147
178.000000 9.233875
178.100000 9.242593
178.200000 9.251301
178.300000 9.259999
178.400000 9.268687
178.500000 9.277364
178.600000 9.286032
178.700000 9.294689
178.800000 9.303337
178.900000 9.311974
179.000000 9.320602
179.100000 9.329219
179.200000 9.337827
179.300000 9.346425
179.400000 9.355012
179.500000 9.363590
179.600000 9.372158
179.700000 9.380716
179.800000 9.389264
179.900000 9.397802
180.000000 9.406331
180.100000 9.414849
180.200000 9.423358
180.300000 9.431857
180.400000 9.440347
180.500000 9.448826
180.600000 9.457296
180.700000 9.465756
180.800000 9.474207
180.900000 9.482647
181.000000 9.491079
181.100000 9.499500
181.200000 9.507912
181.300000 9.516314
181.400000 9.524707
181.500000 9.533090
181.600000 9.541463
181.700000 9.549827
181.800000 9.558182
181.900000 9.566527
182.000000 9.574862
182.100000 9.583188
182.200000 9.591505
182.300000 9.599812
182.400000 9.608109
182.500000 9.616398
182.600000 9.624676
182.700000 9.632946
182.800000 9.641206
182.900000 9.649457
183.000000 9.657698
183.100000 9.665930
183.200000 9.674153
183.300000 9.682366
183.400000 9.690570
183.500000 9.698765
183.600000 9.706951
183.700000 9.715127
183.800000 9.723295
183.900000 9.731453
184.000000 9.739602
184.100000 9.747741
184.200000 9.755872
184.300000 9.763993
184.400000 9.772106
184.500000 9.780209
184.600000 9.788303
184.700000 9.796388
184.800000 9.804464
184.900000 9.812531
185.000000 9.820589
185.100000 9.828638
185.200000 9.836678
185.300000 9.844709
185.400000 9.852731
185.500000 9.860744
185.600000 9.868748
185.700000 9.876743
185.800000 9.884730
185.900000 9.892707
186.000000 9.900676
186.100000 9.908635
186.200000 9.916586
186.300000 9.924528
186.400000 9.932461
186.500000 9.940386
186.600000 9.948301
186.700000 9.956208
186.800000 9.964106
186.900000 9.971995
187.000000 9.979876
187.100000 9.987748
187.200000 9.995611
187.300000 10.003466
187.400000 10.011311
187.500000 10.019149
187.600000 10.026977
187.700000 10.034797
187.800000 10.042608
187.900000 10.050411
188.000000 10.058205
188.100000 10.065990
188.200000 10.073767
188.300000 10.081536
188.400000 10.089296
188.500000 10.097047
188.600000 10.104790
188.700000 10.112524
188.800000 10.120250
188.900000 10.127968
189.000000 10.135677
189.100000 10.143377
189.200000 10.151069
189.300000 10.158753
189.400000 10.166428
189.500000 10.174095
189.600000 10.181754
189.700000 10.189404
189.800000 10.197046
189.900000 10.204680
190.000000 10.212305
190.100000 10.219922
190.200000 10.227531
190.300000 10.235131
190.400000 10.242724
190.500000 10.250307
190.600000 10.257883
190.700000 10.265451
190.800000 10.273010
190.900000 10.280561
191.000000 10.288104
191.100000 10.295639
191.200000 10.303166
191.300000 10.310684
191.400000 10.318194
191.500000 10.325697
191.600000 10.333191
191.700000 10.340677
191.800000 10.348155
191.900000 10.355625
192.000000 10.363087
192.100000 10.370541
192.200000 10.377987
192.300000 10.385425
192.400000 10.392854
192.500000 10.400276
192.600000 10.407690
192.700000 10.415096
192.800000 10.422494
192.900000 10.429884
193.000000 10.437267
193.100000 10.444641
193.200000 10.452007
193.300000 10.459366
193.400000 10.466717
193.500000 10.474059
193.600000 10.481394
193.700000 10.488722
193.800000 10.496041
193.900000 10.503352
194.000000 10.510656
194.100000 10.517952
194.200000 10.525240
194.300000 10.532521
194.400000 10.539794
194.500000 10.547059
194.600000 10.554316
194.700000 10.561565
194.800000 10.568807
194.900000 10.576041
195.000000 10.583268
195.100000 10.590487
195.200000 10.597698
195.300000 10.604902
195.400000 10.612098
195.500000 10.619286
195.600000 10.626467
195.700000 10.633640
195.800000 10.640806
195.900000 10.647964
196.000000 10.655114
196.100000 10.662257
196.200000 10.669393
196.300000 10.676521
196.400000 10.683641
196.500000 10.690754
196.600000 10.697860
196.700000 10.704958
196.800000 10.712049
196.900000 10.719132
197.000000 10.726207
197.100000 10.733276
197.200000 10.740337
197.300000 10.747390
197.400000 10.754436
197.500000 10.761475
197.600000 10.768507
197.700000 10.775531
197.800000 10.782547
197.900000 10.789557
198.000000 10.796559
198.100000 10.803554
198.200000 10.810541
198.300000 10.817521
198.400000 10.824494
198.500000 10.831460
198.600000 10.838419
198.700000 10.845370
198.800000 10.852314
198.900000 10.859251
199.000000 10.866180
199.100000 10.873103
199.200000 10.880018
199.300000 10.886926
199.400000 10.893827
199.500000 10.900721
199.600000 10.907607
199.700000 10.914487
199.800000 10.921359
199.900000 10.928225
200.000000 10.935083
200.100000 10.941934
200.200000 10.948778
200.300000 10.955615
200.400000 10.962445
200.500000 10.969268
200.600000 10.976084
200.700000 10.982893
200.800000 10.989695
200.900000 10.996490
201.000000 11.003278
201.100000 11.010059
201.200000 11.016833
201.300000 11.023600
201.400000 11.030360
201.500000 11.037113
201.600000 11.043860
201.700000 11.050599
201.800000 11.057331
201.900000 11.064057
202.000000 11.070776
202.100000 11.077488
202.200000 11.084193
202.300000 11.090891
202.400000 11.097582
202.500000 11.104267
202.600000 11.110945
202.700000 11.117615
202.800000 11.124280
202.900000 11.130937
203.000000 11.137588
203.100000 11.144231
203.200000 11.150868
203.300000 11.157499
203.400000 11.164122
203.500000 11.170739
203.600000 11.177350
203.700000 11.183953
203.800000 11.190550
203.900000 11.197140
204.000000 11.203723
204.100000 11.210300
204.200000 11.216870
204.300000 11.223434
204.400000 11.229991
204.500000 11.236541
204.600000 11.243085
204.700000 11.249622
204.800000 11.256152
204.900000 11.262676
205.000000 11.269194
205.100000 11.275705
205.200000 11.282209
205.300000 11.288706
205.400000 11.295198
205.500000 11.301682
205.600000 11.308161
205.700000 11.314632
205.800000 11.321097
205.900000 11.327556
206.000000 11.334008
206.100000 11.340454
206.200000 11.346893
206.300000 11.353326
206.400000 11.359753
206.500000 11.366173
206.600000 11.372586
206.700000 11.378994
206.800000 11.385394
206.900000 11.391789
207.000000 11.398177
207.100000 11.404559
207.200000 11.410934
207.300000 11.417303
207.400000 11.423666
207.500000 11.430022
207.600000 11.436372
207.700000 11.442716
207.800000 11.449053
207.900000 11.455385
208.000000 11.461709
208.100000 11.468028
208.200000 11.474340
208.300000 11.480646
208.400000 11.486946
208.500000 11.493240
208.600000 11.499527
208.700000 11.505809
208.800000 11.512084
208.900000 11.518352
209.000000 11.524615
209.100000 11.530871
209.200000 11.537122
209.300000 11.543366
209.400000 11.549604
209.500000 11.555836
209.600000 11.562061
209.700000 11.568281
209.800000 11.574494
209.900000 11.580702
210.000000 11.586903
210.100000 11.593098
210.200000 11.599287
210.300000 11.605470
210.400000 11.611647
210.500000 11.617818
210.600000 11.623983
210.700000 11.630142
210.800000 11.636295
210.900000 11.642441
211.000000 11.648582
211.100000 11.654717
211.200000 11.660846
211.300000 11.666969
211.400000 11.673085
211.500000 11.679196
211.600000 11.685301
211.700000 11.691400
211.800000 11.697493
211.900000 11.703580
212.000000 11.709662
212.100000 11.715737
212.200000 11.721806
212.300000 11.727870
212.400000 11.733928
212.500000 11.739979
212.600000 11.746025
212.700000 11.752065
212.800000 11.758099
212.900000 11.764128
213.000000 11.770150
213.100000 11.776167
213.200000 11.782178
213.300000 11.788183
213.400000 11.794182
213.500000 11.800176
213.600000 11.806163
213.700000 11.812145
213.800000 11.818121
213.900000 11.824092
214.000000 11.830056
214.100000 11.836015
214.200000 11.841968
214.300000 11.847916
214.400000 11.853857
214.500000 11.859793
214.600000 11.865724
214.700000 11.871648
214.800000 11.877567
214.900000 11.883481
215.000000 11.889388
215.100000 11.895290
215.200000 11.901186
215.300000 11.907077
215.400000 11.912962
215.500000 11.918841
215.600000 11.924715
215.700000 11.930583
215.800000 11.936446
215.900000 11.942303
216.000000 11.948154
216.100000 11.954000
216.200000 11.959840
216.300000 11.965675
216.400000 11.971504
216.500000 11.977327
216.600000 11.983145
216.700000 11.988958
216.800000 11.994765
216.900000 12.000566
217.000000 12.006362
217.100000 12.012153
217.200000 12.017937
217.300000 12.023717
217.400000 12.029491
217.500000 12.035259
217.600000 12.041022
217.700000 12.046780
217.800000 12.052532
217.900000 12.058279
218.000000 12.064020
218.100000 12.069756
218.200000 12.075486
218.300000 12.081212
218.400000 12.086931
218.500000 12.092645
218.600000 12.098354
218.700000 12.104058
218.800000 12.109756
218.900000 12.115449
219.000000 12.121136
219.100000 12.126818
219.200000 12.132495
219.300000 12.138166
219.400000 12.143832
219.500000 12.149493
219.600000 12.155148
219.700000 12.160799
219.800000 12.166443
219.900000 12.172083
220.000000 12.177717
220.100000 12.183346
220.200000 12.188970
220.300000 12.194588
220.400000 12.200202
220.500000 12.205810
220.600000 12.211412
220.700000 12.217010
220.800000 12.222602
220.900000 12.228189
221.000000 12.233771
221.100000 12.239348
221.200000 12.244920
221.300000 12.250486
221.400000 12.256047
221.500000 12.261603
221.600000 12.267154
221.700000 12.272699
221.800000 12.278240
221.900000 12.283775
222.000000 12.289306
222.100000 12.294831
222.200000 12.300351
222.300000 12.305866
222.400000 12.311375
222.500000 12.316880
222.600000 12.322380
222.700000 12.327874
222.800000 12.333364
222.900000 12.338848
223.000000 12.344327
223.100000 12.349801
223.200000 12.355271
223.300000 12.360735
223.400000 12.366194
223.500000 12.371648
223.600000 12.377097
223.700000 12.382541
223.800000 12.387980
223.900000 12.393414
224.000000 12.398843
224.100000 12.404267
224.200000 12.409686
224.300000 12.415100
224.400000 12.420510
224.500000 12.425914
224.600000 12.431313
224.700000 12.436707
224.800000 12.442097
224.900000 12.447481
225.000000 12.452861
225.100000 12.458235
225.200000 12.463605
225.300000 12.468970
225.400000 12.474329
225.500000 12.479684
225.600000 12.485034
225.700000 12.490380
225.800000 12.495720
225.900000 12.501055
226.000000 12.506386
226.100000 12.511712
226.200000 12.517033
226.300000 12.522349
226.400000 12.527660
226.500000 12.532966
226.600000 12.538268
226.700000 12.543565
226.800000 12.548857
226.900000 12.554144
227.000000 12.559426
227.100000 12.564704
227.200000 12.569977
227.300000 12.575245
227.400000 12.580508
227.500000 12.585767
227.600000 12.591021
227.700000 12.596270
227.800000 12.601514
227.900000 12.606753
228.000000 12.611988
228.100000 12.617218
228.200000 12.622444
228.300000 12.627664
228.400000 12.632880
228.500000 12.638092
228.600000 12.643298
228.700000 12.648500
228.800000 12.653697
228.900000 12.658890
229.000000 12.664078
229.100000 12.669261
229.200000 12.674440
229.300000 12.679614
229.400000 12.684783
229.500000 12.689948
229.600000 12.695108
229.700000 12.700263
229.800000 12.705414
229.900000 12.710560
230.000000 12.715702
230.100000 12.720839
230.200000 12.725971
230.300000 12.731099
230.400000 12.736222
230.500000 12.741341
230.600000 12.746455
230.700000 12.751564
230.800000 12.756669
230.900000 12.761770
231.000000 12.766866
231.100000 12.771957
231.200000 12.777044
231.300000 12.782126
231.400000 12.787204
231.500000 12.792277
231.600000 12.797346
231.700000 12.802411
231.800000 12.807470
231.900000 12.812526
232.000000 12.817576
232.100000 12.822623
232.200000 12.827665
232.300000 12.832702
232.400000 12.837735
232.500000 12.842764
232.600000 12.847788
232.700000 12.852807
232.800000 12.857823
232.900000 12.862833
233.000000 12.867840
233.100000 12.872842
233.200000 12.877839
233.300000 12.882832
233.400000 12.887821
233.500000 12.892805
233.600000 12.897785
233.700000 12.902761
233.800000 12.907732
233.900000 12.912699
234.000000 12.917661
234.100000 12.922619
234.200000 12.927573
234.300000 12.932522
234.400000 12.937467
234.500000 12.942408
234.600000 12.947345
234.700000 12.952277
234.800000 12.957204
234.900000 12.962128
235.000000 12.967047
235.100000 12.971962
235.200000 12.976872
235.300000 12.981778
235.400000 12.986680
235.500000 12.991578
235.600000 12.996472
235.700000 13.001361
235.800000 13.006246
235.900000 13.011126
236.000000 13.016003
236.100000 13.020875
236.200000 13.025743
236.300000 13.030606
236.400000 13.035466
236.500000 13.040321
236.600000 13.045172
236.700000 13.050018
236.800000 13.054861
236.900000 13.059699
237.000000 13.064534
237.100000 13.069364
237.200000 13.074189
237.300000 13.079011
237.400000 13.083828
237.500000 13.088642
237.600000 13.093451
237.700000 13.098256
237.800000 13.103056
237.900000 13.107853
238.000000 13.112646
238.100000 13.117434
238.200000 13.122218
238.300000 13.126998
238.400000 13.131774
238.500000 13.136546
238.600000 13.141314
238.700000 13.146078
238.800000 13.150837
238.900000 13.155593
239.000000 13.160344
239.100000 13.165091
239.200000 13.169834
239.300000 13.174574
239.400000 13.179309
239.500000 13.184040
239.600000 13.188767
239.700000 13.193490
239.800000 13.198208
239.900000 13.202923
240.000000 13.207634
240.100000 13.212341
240.200000 13.217043
240.300000 13.221742
240.400000 13.226437
240.500000 13.231127
240.600000 13.235814
240.700000 13.240497
240.800000 13.245175
240.900000 13.249850
241.000000 13.254521
241.100000 13.259188
241.200000 13.263850
241.300000 13.268509
241.400000 13.273164
241.500000 13.277815
241.600000 13.282462
241.700000 13.287105
241.800000 13.291744
241.900000 13.296379
242.000000 13.301010
242.100000 13.305637
242.200000 13.310260
242.300000 13.314880
242.400000 13.319495
242.500000 13.324107
242.600000 13.328714
242.700000 13.333318
242.800000 13.337918
242.900000 13.342514
243.000000 13.347106
243.100000 13.351694
243.200000 13.356278
243.300000 13.360859
243.400000 13.365435
243.500000 13.370008
243.600000 13.374577
243.700000 13.379142
243.800000 13.383703
243.900000 13.388260
244.000000 13.392814
244.100000 13.397363
244.200000 13.401909
244.300000 13.406451
244.400000 13.410989
244.500000 13.415524
244.600000 13.420054
244.700000 13.424581
244.800000 13.429104
244.900000 13.433623
245.000000 13.438139
245.100000 13.442650
245.200000 13.447158
245.300000 13.451662
245.400000 13.456162
245.500000 13.460659
245.600000 13.465152
245.700000 13.469641
245.800000 13.474126
245.900000 13.478607
246.000000 13.483085
246.100000 13.487559
246.200000 13.492029
246.300000 13.496496
246.400000 13.500959
246.500000 13.505418
246.600000 13.509873
246.700000 13.514325
246.800000 13.518773
246.900000 13.523217
247.000000 13.527658
247.100000 13.532095
247.200000 13.536528
247.300000 13.540958
247.400000 13.545384
247.500000 13.549806
247.600000 13.554224
247.700000 13.558639
247.800000 13.563050
247.900000 13.567458
248.000000 13.571862
248.100000 13.576262
248.200000 13.580659
248.300000 13.585052
248.400000 13.589441
248.500000 13.593827
248.600000 13.598209
248.700000 13.602588
248.800000 13.606962
248.900000 13.611334
249.000000 13.615701
249.100000 13.620066
249.200000 13.624426
249.300000 13.628783
249.400000 13.633136
249.500000 13.637486
249.600000 13.641832
249.700000 13.646175
249.800000 13.650514
249.900000 13.654849
250.000000 13.659181
250.100000 13.663509
250.200000 13.667834
250.300000 13.672155
250.400000 13.676473
250.500000 13.680787
250.600000 13.685098
250.700000 13.689405
250.800000 13.693709
250.900000 13.698009
251.000000 13.702305
251.100000 13.706598
251.200000 13.710888
251.300000 13.715174
251.400000 13.719456
251.500000 13.723735
251.600000 13.728011
251.700000 13.732283
251.800000 13.736551
251.900000 13.740816
252.000000 13.745078
252.100000 13.749336
252.200000 13.753591
252.300000 13.757842
252.400000 13.762090
252.500000 13.766334
252.600000 13.770575
252.700000 13.774812
252.800000 13.779046
252.900000 13.783277
253.000000 13.787504
253.100000 13.791728
253.200000 13.795948
253.300000 13.800165
253.400000 13.804378
253.500000 13.808588
253.600000 13.812795
253.700000 13.816998
253.800000 13.821198
253.900000 13.825394
254.000000 13.829587
254.100000 13.833777
254.200000 13.837963
254.300000 13.842146
254.400000 13.846326
254.500000 13.850502
254.600000 13.854675
254.700000 13.858844
254.800000 13.863010
254.900000 13.867173
255.000000 13.871332
255.100000 13.875488
255.200000 13.879641
255.300000 13.883790
255.400000 13.887936
255.500000 13.892079
255.600000 13.896218
255.700000 13.900354
255.800000 13.904487
255.900000 13.908616
256.000000 13.912742
256.100000 13.916865
256.200000 13.920984
256.300000 13.925101
256.400000 13.929214
256.500000 13.933323
256.600000 13.937429
256.700000 13.941532
256.800000 13.945632
256.900000 13.949729
257.000000 13.953822
257.100000 13.957912
257.200000 13.961999
257.300000 13.966082
257.400000 13.970162
257.500000 13.974239
257.600000 13.978313
257.700000 13.982383
257.800000 13.986450
257.900000 13.990514
258.000000 13.994575
258.100000 13.998633
258.200000 14.002687
258.300000 14.006738
258.400000 14.010786
258.500000 14.014830
258.600000 14.018872
258.700000 14.022910
258.800000 14.026945
258.900000 14.030977
259.000000 14.035006
259.100000 14.039031
259.200000 14.043053
259.300000 14.047072
259.400000 14.051088
259.500000 14.055101
259.600000 14.059110
259.700000 14.063117
259.800000 14.067120
259.900000 14.071120
260.000000 14.075117
260.100000 14.079111
260.200000 14.083101
260.300000 14.087089
260.400000 14.091073
260.500000 14.095054
260.600000 14.099033
260.700000 14.103007
260.800000 14.106979
260.900000 14.110948
261.000000 14.114914
261.100000 14.118876
261.200000 14.122835
261.300000 14.126792
261.400000 14.130745
261.500000 14.134695
261.600000 14.138642
261.700000 14.142586
261.800000 14.146526
261.900000 14.150464
262.000000 14.154399
262.100000 14.158330
262.200000 14.162259
262.300000 14.166184
262.400000 14.170106
262.500000 14.174025
262.600000 14.177942
262.700000 14.181855
262.800000 14.185765
262.900000 14.189672
263.000000 14.193576
263.100000 14.197477
263.200000 14.201375
263.300000 14.205270
263.400000 14.209161
263.500000 14.213050
263.600000 14.216936
263.700000 14.220819
263.800000 14.224698
263.900000 14.228575
264.000000 14.232449
264.100000 14.236320
264.200000 14.240187
264.300000 14.244052
264.400000 14.247914
264.500000 14.251772
264.600000 14.255628
264.700000 14.259481
264.800000 14.263331
264.900000 14.267177
265.000000 14.271021
265.100000 14.274862
265.200000 14.278700
265.300000 14.282535
265.400000 14.286367
265.500000 14.290196
265.600000 14.294022
265.700000 14.297845
265.800000 14.301665
265.900000 14.305482
266.000000 14.309296
266.100000 14.313108
266.200000 14.316916
266.300000 14.320722
266.400000 14.324524
266.500000 14.328324
266.600000 14.332120
266.700000 14.335914
266.800000 14.339705
266.900000 14.343493
267.000000 14.347278
267.100000 14.351060
267.200000 14.354839
267.300000 14.358615
267.400000 14.362389
267.500000 14.366159
267.600000 14.369927
267.700000 14.373692
267.800000 14.377454
267.900000 14.381213
268.000000 14.384969
268.100000 14.388722
268.200000 14.392472
268.300000 14.396220
268.400000 14.399965
268.500000 14.403706
268.600000 14.407445
268.700000 14.411181
268.800000 14.414915
268.900000 14.418645
269.000000 14.422373
269.100000 14.426097
269.200000 14.429819
269.300000 14.433538
269.400000 14.437255
269.500000 14.440968
269.600000 14.444679
269.700000 14.448386
269.800000 14.452091
269.900000 14.455793
270.000000 14.459493
270.100000 14.463189
270.200000 14.466883
270.300000 14.470574
270.400000 14.474262
270.500000 14.477947
270.600000 14.481630
270.700000 14.485310
270.800000 14.488987
270.900000 14.492661
271.000000 14.496332
271.100000 14.500001
271.200000 14.503667
271.300000 14.507330
271.400000 14.510990
271.500000 14.514648
271.600000 14.518302
271.700000 14.521954
271.800000 14.525604
271.900000 14.529250
272.000000 14.532894
272.100000 14.536535
272.200000 14.540173
272.300000 14.543809
272.400000 14.547442
272.500000 14.551072
272.600000 14.554699
272.700000 14.558324
272.800000 14.561946
272.900000 14.565565
273.000000 14.569182
273.100000 14.572796
273.200000 14.576407
273.300000 14.580015
273.400000 14.583621
273.500000 14.587224
273.600000 14.590824
273.700000 14.594422
273.800000 14.598016
273.900000 14.601609
274.000000 14.605198
274.100000 14.608785
274.200000 14.612369
274.300000 14.615951
274.400000 14.619529
274.500000 14.623106
274.600000 14.626679
274.700000 14.630250
274.800000 14.633818
274.900000 14.637383
275.000000 14.640946
275.100000 14.644507
275.200000 14.648064
275.300000 14.651619
275.400000 14.655171
275.500000 14.658721
275.600000 14.662268
275.700000 14.665812
275.800000 14.669354
275.900000 14.672893
276.000000 14.676429
276.100000 14.679963
276.200000 14.683494
276.300000 14.687023
276.400000 14.690549
276.500000 14.694072
276.600000 14.697593
276.700000 14.701111
276.800000 14.704627
276.900000 14.708140
277.000000 14.711650
277.100000 14.715158
277.200000 14.718663
277.300000 14.722165
277.400000 14.725665
277.500000 14.729163
277.600000 14.732658
277.700000 14.736150
277.800000 14.739640
277.900000 14.743127
278.000000 14.746611
278.100000 14.750093
278.200000 14.753573
278.300000 14.757049
278.400000 14.760524
278.500000 14.763995
278.600000 14.767465
278.700000 14.770931
278.800000 14.774395
278.900000 14.777857
279.000000 14.781316
279.100000 14.784772
279.200000 14.788226
279.300000 14.791678
279.400000 14.795127
279.500000 14.798573
279.600000 14.802017
279.700000 14.805458
279.800000 14.808897
279.900000 14.812333
280.000000 14.815767
280.100000 14.819198
280.200000 14.822627
280.300000 14.826053
280.400000 14.829477
280.500000 14.832898
280.600000 14.836317
280.700000 14.839733
280.800000 14.843147
280.900000 14.846558
281.000000 14.849967
281.100000 14.853373
281.200000 14.856777
281.300000 14.860178
281.400000 14.863577
281.500000 14.866973
281.600000 14.870367
281.700000 14.873759
281.800000 14.877148
281.900000 14.880534
282.000000 14.883919
282.100000 14.887300
282.200000 14.890679
282.300000 14.894056
282.400000 14.897430
282.500000 14.900802
282.600000 14.904172
282.700000 14.907538
282.800000 14.910903
282.900000 14.914265
283.000000 14.917625
283.100000 14.920982
283.200000 14.924337
283.300000 14.927689
283.400000 14.931039
283.500000 14.934387
283.600000 14.937732
283.700000 14.941074
283.800000 14.944415
283.900000 14.947753
284.000000 14.951088
284.100000 14.954421
284.200000 14.957752
284.300000 14.961080
284.400000 14.964406
284.500000 14.967729
284.600000 14.971051
284.700000 14.974369
284.800000 14.977686
284.900000 14.980999
285.000000 14.984311
285.100000 14.987620
285.200000 14.990927
285.300000 14.994231
285.400000 14.997534
285.500000 15.000833
285.600000 15.004131
285.700000 15.007426
285.800000 15.010718
285.900000 15.014008
286.000000 15.017296
286.100000 15.020582
286.200000 15.023865
286.300000 15.027146
286.400000 15.030425
286.500000 15.033701
286.600000 15.036975
286.700000 15.040246
286.800000 15.043515
286.900000 15.046782
287.000000 15.050047
287.100000 15.053309
287.200000 15.056569
287.300000 15.059826
287.400000 15.063081
287.500000 15.066334
287.600000 15.069585
287.700000 15.072833
287.800000 15.076079
287.900000 15.079323
288.000000 15.082564
288.100000 15.085803
288.200000 15.089040
288.300000 15.092274
288.400000 15.095507
288.500000 15.098736
288.600000 15.101964
288.700000 15.105189
288.800000 15.108412
288.900000 15.111633
289.000000 15.114851
289.100000 15.118068
289.200000 15.121281
289.300000 15.124493
289.400000 15.127702
289.500000 15.130910
289.600000 15.134114
289.700000 15.137317
289.800000 15.140517
289.900000 15.143715
290.000000 15.146911
290.100000 15.150105
290.200000 15.153296
290.300000 15.156485
290.400000 15.159672
290.500000 15.162856
290.600000 15.166038
290.700000 15.169218
290.800000 15.172396
290.900000 15.175572
291.000000 15.178745
291.100000 15.181916
291.200000 15.185085
291.300000 15.188252
291.400000 15.191416
291.500000 15.194579
291.600000 15.197739
291.700000 15.200896
291.800000 15.204052
291.900000 15.207205
292.000000 15.210356
292.100000 15.213505
292.200000 15.216652
292.300000 15.219797
292.400000 15.222939
292.500000 15.226079
292.600000 15.229217
292.700000 15.232353
292.800000 15.235487
292.900000 15.238618
293.000000 15.241747
293.100000 15.244874
293.200000 15.247999
293.300000 15.251122
293.400000 15.254242
293.500000 15.257360
293.600000 15.260476
293.700000 15.263590
293.800000 15.266702
293.900000 15.269812
294.000000 15.272919
294.100000 15.276025
294.200000 15.279128
294.300000 15.282229
294.400000 15.285328
294.500000 15.288424
294.600000 15.291519
294.700000 15.294611
294.800000 15.297701
294.900000 15.300790
295.000000 15.303876
295.100000 15.306959
295.200000 15.310041
295.300000 15.313121
295.400000 15.316198
295.500000 15.319273
295.600000 15.322346
295.700000 15.325417
295.800000 15.328486
295.900000 15.331553
296.000000 15.334618
296.100000 15.337680
296.200000 15.340741
296.300000 15.343799
296.400000 15.346855
296.500000 15.349909
296.600000 15.352961
296.700000 15.356011
296.800000 15.359059
296.900000 15.362105
297.000000 15.365149
297.100000 15.368190
297.200000 15.371229
297.300000 15.374267
297.400000 15.377302
297.500000 15.380335
297.600000 15.383366
297.700000 15.386395
297.800000 15.389422
297.900000 15.392447
298.000000 15.395470
298.100000 15.398490
298.200000 15.401509
298.300000 15.404526
298.400000 15.407540
298.500000 15.410552
298.600000 15.413563
298.700000 15.416571
298.800000 15.419577
298.900000 15.422582
299.000000 15.425584
299.100000 15.428584
299.200000 15.431582
299.300000 15.434578
299.400000 15.437572
299.500000 15.440564
299.600000 15.443553
299.700000 15.446541
299.800000 15.449527
299.900000 15.452511
300.000000 15.455492
300.100000 15.458472
300.200000 15.461450
300.300000 15.464425
300.400000 15.467399
300.500000 15.470370
300.600000 15.473340
300.700000 15.476308
300.800000 15.479273
300.900000 15.482237
301.000000 15.485198
301.100000 15.488157
301.200000 15.491115
301.300000 15.494070
301.400000 15.497024
301.500000 15.499975
301.600000 15.502925
301.700000 15.505872
301.800000 15.508818
301.900000 15.511761
302.000000 15.514703
302.100000 15.517642
302.200000 15.520580
302.300000 15.523515
302.400000 15.526449
302.500000 15.529380
302.600000 15.532310
302.700000 15.535237
302.800000 15.538163
302.900000 15.541087
303.000000 15.544008
303.100000 15.546928
303.200000 15.549846
303.300000 15.552761
303.400000 15.555675
303.500000 15.558587
303.600000 15.561497
303.700000 15.564405
303.800000 15.567311
303.900000 15.570215
304.000000 15.573117
304.100000 15.576017
304.200000 15.578915
304.300000 15.581811
304.400000 15.584705
304.500000 15.587598
304.600000 15.590488
304.700000 15.593377
304.800000 15.596263
304.900000 15.599148
305.000000 15.602030
305.100000 15.604911
305.200000 15.607790
305.300000 15.610667
305.400000 15.613542
305.500000 15.616415
305.600000 15.619286
305.700000 15.622155
305.800000 15.625022
305.900000 15.627887
306.000000 15.630751
306.100000 15.633612
306.200000 15.636472
306.300000 15.639330
306.400000 15.642185
306.500000 15.645039
306.600000 15.647891
306.700000 15.650741
306.800000 15.653589
306.900000 15.656436
307.000000 15.659280
307.100000 15.662123
307.200000 15.664963
307.300000 15.667802
307.400000 15.670639
307.500000 15.673474
307.600000 15.676307
307.700000 15.679138
307.800000 15.681967
307.900000 15.684795
308.000000 15.687620
308.100000 15.690444
308.200000 15.693266
308.300000 15.696086
308.400000 15.698904
308.500000 15.701720
308.600000 15.704534
308.700000 15.707347
308.800000 15.710157
308.900000 15.712966
309.000000 15.715773
309.100000 15.718578
309.200000 15.721381
309.300000 15.724182
309.400000 15.726982
309.500000 15.729779
309.600000 15.732575
309.700000 15.735369
309.800000 15.738161
309.900000 15.740952
310.000000 15.743740
310.100000 15.746527
310.200000 15.749311
310.300000 15.752094
310.400000 15.754875
310.500000 15.757655
310.600000 15.760432
310.700000 15.763208
310.800000 15.765981
310.900000 15.768753
311.000000 15.771524
311.100000 15.774292
311.200000 15.777058
311.300000 15.779823
311.400000 15.782586
311.500000 15.785347
311.600000 15.788106
311.700000 15.790864
311.800000 15.793619
311.900000 15.796373
312.000000 15.799125
312.100000 15.801875
312.200000 15.804624
312.300000 15.807370
312.400000 15.810115
312.500000 15.812858
312.600000 15.815600
312.700000 15.818339
312.800000 15.821077
312.900000 15.823813
313.000000 15.826547
313.100000 15.829279
313.200000 15.832009
313.300000 15.834738
313.400000 15.837465
313.500000 15.840190
313.600000 15.842914
313.700000 15.845635
313.800000 15.848355
313.900000 15.851073
314.000000 15.853790
314.100000 15.856504
314.200000 15.859217
314.300000 15.861928
314.400000 15.864637
314.500000 15.867345
314.600000 15.870051
314.700000 15.872755
314.800000 15.875457
314.900000 15.878158
315.000000 15.880856
315.100000 15.883553
315.200000 15.886249
315.300000 15.888942
315.400000 15.891634
315.500000 15.894324
315.600000 15.897012
315.700000 15.899699
315.800000 15.902383
315.900000 15.905067
316.000000 15.907748
316.100000 15.910428
316.200000 15.913105
316.300000 15.915782
316.400000 15.918456
316.500000 15.921129
316.600000 15.923800
316.700000 15.926469
316.800000 15.929136
316.900000 15.931802
317.000000 15.934466
317.100000 15.937129
317.200000 15.939789
317.300000 15.942448
317.400000 15.945106
317.500000 15.947761
317.600000 15.950415
317.700000 15.953067
317.800000 15.955717
317.900000 15.958366
318.000000 15.961013
318.100000 15.963658
318.200000 15.966302
318.300000 15.968944
318.400000 15.971584
318.500000 15.974223
318.600000 15.976860
318.700000 15.979495
318.800000 15.982128
318.900000 15.984760
319.000000 15.987390
319.100000 15.990019
319.200000 15.992645
319.300000 15.995270
319.400000 15.997894
319.500000 16.000515
319.600000 16.003135
319.700000 16.005754
319.800000 16.008370
319.900000 16.010985
320.000000 16.013599
320.100000 16.016210
320.200000 16.018820
320.300000 16.021429
320.400000 16.024035
320.500000 16.026641
320.600000 16.029244
320.700000 16.031846
320.800000 16.034446
320.900000 16.037044
321.000000 16.039641
321.100000 16.042236
321.200000 16.044829
321.300000 16.047421
321.400000 16.050011
321.500000 16.052600
321.600000 16.055187
321.700000 16.057772
321.800000 16.060355
321.900000 16.062937
322.000000 16.065518
322.100000 16.068096
322.200000 16.070673
322.300000 16.073249
322.400000 16.075823
322.500000 16.078395
322.600000 16.080965
322.700000 16.083534
322.800000 16.086101
322.900000 16.088667
323.000000 16.091231
323.100000 16.093793
323.200000 16.096354
323.300000 16.098913
323.400000 16.101471
323.500000 16.104027
323.600000 16.106581
323.700000 16.109134
323.800000 16.111685
323.900000 16.114235
324.000000 16.116782
324.100000 16.119329
324.200000 16.121873
324.300000 16.124417
324.400000 16.126958
324.500000 16.129498
324.600000 16.132036
324.700000 16.134573
324.800000 16.137108
324.900000 16.139641
325.000000 16.142173
325.100000 16.144704
325.200000 16.147232
325.300000 16.149760
325.400000 16.152285
325.500000 16.154809
325.600000 16.157332
325.700000 16.159852
325.800000 16.162372
325.900000 16.164889
326.000000 16.167405
326.100000 16.169920
326.200000 16.172433
326.300000 16.174944
326.400000 16.177454
326.500000 16.179962
326.600000 16.182469
326.700000 16.184974
326.800000 16.187478
326.900000 16.189980
327.000000 16.192480
327.100000 16.194979
327.200000 16.197476
327.300000 16.199972
327.400000 16.202466
327.500000 16.204959
327.600000 16.207450
327.700000 16.209939
327.800000 16.212427
327.900000 16.214914
328.000000 16.217398
328.100000 16.219882
328.200000 16.222364
328.300000 16.224844
328.400000 16.227323
328.500000 16.229800
328.600000 16.232275
328.700000 16.234749
328.800000 16.237222
328.900000 16.239693
329.000000 16.242162
329.100000 16.244630
329.200000 16.247097
329.300000 16.249562
329.400000 16.252025
329.500000 16.254487
329.600000 16.256947
329.700000 16.259406
329.800000 16.261863
329.900000 16.264319
330.000000 16.266773
330.100000 16.269226
330.200000 16.271677
330.300000 16.274127
330.400000 16.276575
330.500000 16.279022
330.600000 16.281467
330.700000 16.283911
330.800000 16.286353
330.900000 16.288793
331.000000 16.291233
331.100000 16.293670
331.200000 16.296106
331.300000 16.298541
331.400000 16.300974
331.500000 16.303406
331.600000 16.305836
331.700000 16.308264
331.800000 16.310692
331.900000 16.313117
332.000000 16.315541
332.100000 16.317964
332.200000 16.320385
332.300000 16.322805
332.400000 16.325223
332.500000 16.327640
332.600000 16.330055
332.700000 16.332469
332.800000 16.334881
332.900000 16.337292
333.000000 16.339701
333.100000 16.342109
333.200000 16.344516
333.300000 16.346921
333.400000 16.349324
333.500000 16.351726
333.600000 16.354126
333.700000 16.356525
333.800000 16.358923
333.900000 16.361319
334.000000 16.363714
334.100000 16.366107
334.200000 16.368499
334.300000 16.370889
334.400000 16.373278
334.500000 16.375665
334.600000 16.378051
334.700000 16.380435
334.800000 16.382818
334.900000 16.385200
335.000000 16.387580
335.100000 16.389959
335.200000 16.392336
335.300000 16.394712
335.400000 16.397086
335.500000 16.399459
335.600000 16.401830
335.700000 16.404200
335.800000 16.406569
335.900000 16.408936
336.000000 16.411301
336.100000 16.413666
336.200000 16.416028
336.300000 16.418390
336.400000 16.420750
336.500000 16.423108
336.600000 16.425465
336.700000 16.427821
336.800000 16.430175
336.900000 16.432528
337.000000 16.434879
337.100000 16.437229
337.200000 16.439578
337.300000 16.441925
337.400000 16.444270
337.500000 16.446615
337.600000 16.448957
337.700000 16.451299
337.800000 16.453639
337.900000 16.455977
338.000000 16.458315
338.100000 16.460650
338.200000 16.462985
338.300000 16.465318
338.400000 16.467649
338.500000 16.469979
338.600000 16.472308
338.700000 16.474636
338.800000 16.476961
338.900000 16.479286
339.000000 16.481609
339.100000 16.483931
339.200000 16.486251
339.300000 16.488570
339.400000 16.490888
339.500000 16.493204
339.600000 16.495519
339.700000 16.497832
339.800000 16.500144
339.900000 16.502455
340.000000 16.504764
340.100000 16.507072
340.200000 16.509378
340.300000 16.511683
340.400000 16.513987
340.500000 16.516289
340.600000 16.518590
340.700000 16.520890
340.800000 16.523188
340.900000 16.525485
341.000000 16.527780
341.100000 16.530074
341.200000 16.532367
341.300000 16.534658
341.400000 16.536948
341.500000 16.539237
341.600000 16.541524
341.700000 16.543810
341.800000 16.546095
341.900000 16.548378
342.000000 16.550659
342.100000 16.552940
342.200000 16.555219
342.300000 16.557497
342.400000 16.559773
342.500000 16.562048
342.600000 16.564322
342.700000 16.566594
342.800000 16.568865
342.900000 16.571134
343.000000 16.573403
343.100000 16.575670
343.200000 16.577935
343.300000 16.580199
343.400000 16.582462
343.500000 16.584724
343.600000 16.586984
343.700000 16.589243
343.800000 16.591500
343.900000 16.593756
344.000000 16.596011
344.100000 16.598264
344.200000 16.600517
344.300000 16.602767
344.400000 16.605017
344.500000 16.607265
344.600000 16.609512
344.700000 16.611757
344.800000 16.614001
344.900000 16.616244
345.000000 16.618486
345.100000 16.620726
345.200000 16.622965
345.300000 16.625202
345.400000 16.627439
345.500000 16.629673
345.600000 16.631907
345.700000 16.634139
345.800000 16.636370
345.900000 16.638600
346.000000 16.640828
346.100000 16.643055
346.200000 16.645281
346.300000 16.647505
346.400000 16.649728
346.500000 16.651950
346.600000 16.654170
346.700000 16.656390
346.800000 16.658607
346.900000 16.660824
347.000000 16.663039
347.100000 16.665253
347.200000 16.667466
347.300000 16.669677
347.400000 16.671887
347.500000 16.674096
347.600000 16.676303
347.700000 16.678509
347.800000 16.680714
347.900000 16.682918
348.000000 16.685120
348.100000 16.687321
348.200000 16.689521
348.300000 16.691719
348.400000 16.693916
348.500000 16.696112
348.600000 16.698307
348.700000 16.700500
348.800000 16.702692
348.900000 16.704883
349.000000 16.707072
349.100000 16.709260
349.200000 16.711447
349.300000 16.713633
349.400000 16.715817
349.500000 16.718000
349.600000 16.720182
349.700000 16.722363
349.800000 16.724542
349.900000 16.726720
350.000000 16.728896
350.100000 16.731072
350.200000 16.733246
350.300000 16.735419
350.400000 16.737591
350.500000 16.739761
350.600000 16.741930
350.700000 16.744098
350.800000 16.746265
350.900000 16.748430
351.000000 16.750594
351.100000 16.752757
351.200000 16.754918
351.300000 16.757079
351.400000 16.759238
351.500000 16.761396
351.600000 16.763552
351.700000 16.765707
351.800000 16.767861
351.900000 16.770014
352.000000 16.772166
352.100000 16.774316
352.200000 16.776465
352.300000 16.778613
352.400000 16.780760
352.500000 16.782905
352.600000 16.785049
352.700000 16.787192
352.800000 16.789334
352.900000 16.791474
353.000000 16.793613
353.100000 16.795751
353.200000 16.797888
353.300000 16.800023
353.400000 16.802157
353.500000 16.804290
353.600000 16.806422
353.700000 16.808553
353.800000 16.810682
353.900000 16.812810
354.000000 16.814937
354.100000 16.817063
354.200000 16.819187
354.300000 16.821310
354.400000 16.823432
354.500000 16.825553
354.600000 16.827673
354.700000 16.829791
354.800000 16.831908
354.900000 16.834024
355.000000 16.836139
355.100000 16.838252
355.200000 16.840364
355.300000 16.842475
355.400000 16.844585
355.500000 16.846694
355.600000 16.848801
355.700000 16.850907
355.800000 16.853012
355.900000 16.855116
356.000000 16.857219
356.100000 16.859320
356.200000 16.861420
356.300000 16.863519
356.400000 16.865617
356.500000 16.867714
356.600000 16.869809
356.700000 16.871903
356.800000 16.873996
356.900000 16.876088
357.000000 16.878179
357.100000 16.880268
357.200000 16.882356
357.300000 16.884443
357.400000 16.886529
357.500000 16.888614
357.600000 16.890697
357.700000 16.892779
357.800000 16.894861
357.900000 16.896940
358.000000 16.899019
358.100000 16.901097
358.200000 16.903173
358.300000 16.905248
358.400000 16.907322
358.500000 16.909395
358.600000 16.911467
358.700000 16.913537
358.800000 16.915606
358.900000 16.917675
359.000000 16.919742
359.100000 16.921807
359.200000 16.923872
359.300000 16.925935
359.400000 16.927998
359.500000 16.930059
359.600000 16.932119
359.700000 16.934177
359.800000 16.936235
359.900000 16.938291
360.000000 16.940347
360.100000 16.942401
360.200000 16.944454
360.300000 16.946505
360.400000 16.948556
360.500000 16.950605
360.600000 16.952654
360.700000 16.954701
360.800000 16.956747
360.900000 16.958792
361.000000 16.960835
361.100000 16.962878
361.200000 16.964919
361.300000 16.966959
361.400000 16.968999
361.500000 16.971036
361.600000 16.973073
361.700000 16.975109
361.800000 16.977143
361.900000 16.979177
362.000000 16.981209
362.100000 16.983240
362.200000 16.985270
362.300000 16.987299
362.400000 16.989326
362.500000 16.991353
362.600000 16.993378
362.700000 16.995402
362.800000 16.997425
362.900000 16.999447
363.000000 17.001468
363.100000 17.003488
363.200000 17.005506
363.300000 17.007524
363.400000 17.009540
363.500000 17.011555
363.600000 17.013569
363.700000 17.015582
363.800000 17.017594
363.900000 17.019604
364.000000 17.021614
364.100000 17.023622
364.200000 17.025630
364.300000 17.027636
364.400000 17.029641
364.500000 17.031645
364.600000 17.033647
364.700000 17.035649
364.800000 17.037650
364.900000 17.039649
365.000000 17.041647
365.100000 17.043645
365.200000 17.045641
365.300000 17.047636
365.400000 17.049629
365.500000 17.051622
365.600000 17.053614
365.700000 17.055604
365.800000 17.057594
365.900000 17.059582
366.000000 17.061569
366.100000 17.063555
366.200000 17.065540
366.300000 17.067524
366.400000 17.069507
366.500000 17.071489
366.600000 17.073469
366.700000 17.075449
366.800000 17.077427
366.900000 17.079405
367.000000 17.081381
367.100000 17.083356
367.200000 17.085330
367.300000 17.087303
367.400000 17.089275
367.500000 17.091245
367.600000 17.093215
367.700000 17.095183
367.800000 17.097151
367.900000 17.099117
368.000000 17.101082
368.100000 17.103047
368.200000 17.105010
368.300000 17.106972
368.400000 17.108933
368.500000 17.110893
368.600000 17.112851
368.700000 17.114809
368.800000 17.116766
368.900000 17.118721
369.000000 17.120676
369.100000 17.122629
369.200000 17.124581
369.300000 17.126532
369.400000 17.128483
369.500000 17.130432
369.600000 17.132380
369.700000 17.134327
369.800000 17.136272
369.900000 17.138217
370.000000 17.140161
370.100000 17.142103
370.200000 17.144045
370.300000 17.145985
370.400000 17.147925
370.500000 17.149863
370.600000 17.151801
370.700000 17.153737
370.800000 17.155672
370.900000 17.157606
371.000000 17.159539
371.100000 17.161471
371.200000 17.163402
371.300000 17.165332
371.400000 17.167261
371.500000 17.169188
371.600000 17.171115
371.700000 17.173041
371.800000 17.174965
371.900000 17.176889
372.000000 17.178811
372.100000 17.180733
372.200000 17.182653
372.300000 17.184573
372.400000 17.186491
372.500000 17.188408
372.600000 17.190324
372.700000 17.192239
372.800000 17.194153
372.900000 17.196066
373.000000 17.197978
373.100000 17.199889
373.200000 17.201799
373.300000 17.203708
373.400000 17.205616
373.500000 17.207523
373.600000 17.209429
373.700000 17.211333
373.800000 17.213237
373.900000 17.215140
374.000000 17.217041
374.100000 17.218942
374.200000 17.220841
374.300000 17.222740
374.400000 17.224637
374.500000 17.226534
374.600000 17.228429
374.700000 17.230324
374.800000 17.232217
374.900000 17.234109
375.000000 17.236000
375.100000 17.237891
375.200000 17.239780
375.300000 17.241668
375.400000 17.243555
375.500000 17.245442
375.600000 17.247327
375.700000 17.249211
375.800000 17.251094
375.900000 17.252976
376.000000 17.254857
376.100000 17.256737
376.200000 17.258616
376.300000 17.260494
376.400000 17.262371
376.500000 17.264247
376.600000 17.266122
376.700000 17.267996
376.800000 17.269869
376.900000 17.271741
377.000000 17.273612
377.100000 17.275482
377.200000 17.277351
377.300000 17.279219
377.400000 17.281086
377.500000 17.282951
377.600000 17.284816
377.700000 17.286680
377.800000 17.288543
377.900000 17.290405
378.000000 17.292266
378.100000 17.294126
378.200000 17.295984
378.300000 17.297842
378.400000 17.299699
378.500000 17.301555
378.600000 17.303410
378.700000 17.305264
378.800000 17.307117
378.900000 17.308968
379.000000 17.310819
379.100000 17.312669
379.200000 17.314518
379.300000 17.316366
379.400000 17.318213
379.500000 17.320059
379.600000 17.321904
379.700000 17.323748
379.800000 17.325591
379.900000 17.327433
380.000000 17.329274
380.100000 17.331114
380.200000 17.332953
380.300000 17.334791
380.400000 17.336628
380.500000 17.338464
380.600000 17.340299
380.700000 17.342133
380.800000 17.343966
380.900000 17.345798
381.000000 17.347629
381.100000 17.349460
381.200000 17.351289
381.300000 17.353117
381.400000 17.354944
381.500000 17.356770
381.600000 17.358596
381.700000 17.360420
381.800000 17.362243
381.900000 17.364066
382.000000 17.365887
382.100000 17.367708
382.200000 17.369527
382.300000 17.371346
382.400000 17.373163
382.500000 17.374980
382.600000 17.376795
382.700000 17.378610
382.800000 17.380424
382.900000 17.382236
383.000000 17.384048
383.100000 17.385859
383.200000 17.387669
383.300000 17.389478
383.400000 17.391286
383.500000 17.393093
383.600000 17.394898
383.700000 17.396704
383.800000 17.398508
383.900000 17.400311
384.000000 17.402113
384.100000 17.403914
384.200000 17.405714
384.300000 17.407514
384.400000 17.409312
384.500000 17.411109
384.600000 17.412906
384.700000 17.414701
384.800000 17.416496
384.900000 17.418289
385.000000 17.420082
385.100000 17.421874
385.200000 17.423665
385.300000 17.425454
385.400000 17.427243
385.500000 17.429031
385.600000 17.430818
385.700000 17.432604
385.800000 17.434389
385.900000 17.436173
386.000000 17.437957
386.100000 17.439739
386.200000 17.441520
386.300000 17.443301
386.400000 17.445080
386.500000 17.446859
386.600000 17.448636
386.700000 17.450413
386.800000 17.452188
386.900000 17.453963
387.000000 17.455737
387.100000 17.457510
387.200000 17.459282
387.300000 17.461053
387.400000 17.462823
387.500000 17.464592
387.600000 17.466361
387.700000 17.468128
387.800000 17.469894
387.900000 17.471660
388.000000 17.473424
388.100000 17.475188
388.200000 17.476951
388.300000 17.478712
388.400000 17.480473
388.500000 17.482233
388.600000 17.483992
388.700000 17.485750
388.800000 17.487508
388.900000 17.489264
389.000000 17.491019
389.100000 17.492774
389.200000 17.494527
389.300000 17.496280
389.400000 17.498031
389.500000 17.499782
389.600000 17.501532
389.700000 17.503281
389.800000 17.505029
389.900000 17.506776
390.000000 17.508522
390.100000 17.510267
390.200000 17.512012
390.300000 17.513755
390.400000 17.515498
390.500000 17.517239
390.600000 17.518980
390.700000 17.520720
390.800000 17.522459
390.900000 17.524197
391.000000 17.525934
391.100000 17.527670
391.200000 17.529406
391.300000 17.531140
391.400000 17.532873
391.500000 17.534606
391.600000 17.536338
391.700000 17.538069
391.800000 17.539799
391.900000 17.541528
392.000000 17.543256
392.100000 17.544983
392.200000 17.546709
392.300000 17.548435
392.400000 17.550159
392.500000 17.551883
392.600000 17.553606
392.700000 17.555327
392.800000 17.557048
392.900000 17.558768
393.000000 17.560488
393.100000 17.562206
393.200000 17.563923
393.300000 17.565640
393.400000 17.567355
393.500000 17.569070
393.600000 17.570784
393.700000 17.572497
393.800000 17.574209
393.900000 17.575920
394.000000 17.577631
394.100000 17.579340
394.200000 17.581049
394.300000 17.582756
394.400000 17.584463
394.500000 17.586169
394.600000 17.587874
394.700000 17.589578
394.800000 17.591281
394.900000 17.592984
395.000000 17.594685
395.100000 17.596386
395.200000 17.598086
395.300000 17.599785
395.400000 17.601483
395.500000 17.603180
395.600000 17.604876
395.700000 17.606571
395.800000 17.608266
395.900000 17.609960
396.000000 17.611652
396.100000 17.613344
396.200000 17.615035
396.300000 17.616726
396.400000 17.618415
396.500000 17.620103
396.600000 17.621791
396.700000 17.623478
396.800000 17.625163
396.900000 17.626848
397.000000 17.628533
397.100000 17.630216
397.200000 17.631898
397.300000 17.633580
397.400000 17.635260
397.500000 17.636940
397.600000 17.638619
397.700000 17.640297
397.800000 17.641975
397.900000 17.643651
398.000000 17.645326
398.100000 17.647001
398.200000 17.648675
398.300000 17.650348
398.400000 17.652020
398.500000 17.653691
398.600000 17.655362
398.700000 17.657031
398.800000 17.658700
398.900000 17.660368
399.000000 17.662035
399.100000 17.663701
399.200000 17.665366
399.300000 17.667031
399.400000 17.668694
399.500000 17.670357
399.600000 17.672019
399.700000 17.673680
399.800000 17.675340
399.900000 17.677000
400.000000 17.678658
400.100000 17.680316
400.200000 17.681973
400.300000 17.683629
400.400000 17.685284
400.500000 17.686938
400.600000 17.688592
400.700000 17.690244
400.800000 17.691896
400.900000 17.693547
401.000000 17.695197
401.100000 17.696847
401.200000 17.698495
401.300000 17.700143
401.400000 17.701790
401.500000 17.703435
401.600000 17.705081
401.700000 17.706725
401.800000 17.708368
401.900000 17.710011
402.000000 17.711653
402.100000 17.713294
402.200000 17.714934
402.300000 17.716573
402.400000 17.718212
402.500000 17.719849
402.600000 17.721486
402.700000 17.723122
402.800000 17.724757
402.900000 17.726392
403.000000 17.728025
403.100000 17.729658
403.200000 17.731290
403.300000 17.732921
403.400000 17.734551
403.500000 17.736180
403.600000 17.737809
403.700000 17.739437
403.800000 17.741064
403.900000 17.742690
404.000000 17.744315
404.100000 17.745940
404.200000 17.747563
404.300000 17.749186
404.400000 17.750808
404.500000 17.752430
404.600000 17.754050
404.700000 17.755670
404.800000 17.757288
404.900000 17.758906
405.000000 17.760523
405.100000 17.762140
405.200000 17.763755
405.300000 17.765370
405.400000 17.766984
405.500000 17.768597
405.600000 17.770209
405.700000 17.771821
405.800000 17.773432
405.900000 17.775042
406.000000 17.776651
406.100000 17.778259
406.200000 17.779866
406.300000 17.781473
406.400000 17.783079
406.500000 17.784684
406.600000 17.786288
406.700000 17.787892
406.800000 17.789494
406.900000 17.791096
407.000000 17.792697
407.100000 17.794297
407.200000 17.795897
407.300000 17.797495
407.400000 17.799093
407.500000 17.800690
407.600000 17.802287
407.700000 17.803882
407.800000 17.805477
407.900000 17.807071
408.000000 17.808664
408.100000 17.810256
408.200000 17.811847
408.300000 17.813438
408.400000 17.815028
408.500000 17.816617
408.600000 17.818206
408.700000 17.819793
408.800000 17.821380
408.900000 17.822966
409.000000 17.824551
409.100000 17.826135
409.200000 17.827719
409.300000 17.829302
409.400000 17.830884
409.500000 17.832465
409.600000 17.834045
409.700000 17.835625
409.800000 17.837204
409.900000 17.838782
410.000000 17.840359
410.100000 17.841936
410.200000 17.843512
410.300000 17.845087
410.400000 17.846661
410.500000 17.848234
410.600000 17.849807
410.700000 17.851379
410.800000 17.852950
410.900000 17.854520
411.000000 17.856090
411.100000 17.857658
411.200000 17.859226
411.300000 17.860794
411.400000 17.862360
411.500000 17.863926
411.600000 17.865491
411.700000 17.867055
411.800000 17.868618
411.900000 17.870181
412.000000 17.871742
412.100000 17.873303
412.200000 17.874864
412.300000 17.876423
412.400000 17.877982
412.500000 17.879540
412.600000 17.881097
412.700000 17.882653
412.800000 17.884209
412.900000 17.885764
413.000000 17.887318
413.100000 17.888871
413.200000 17.890424
413.300000 17.891976
413.400000 17.893527
413.500000 17.895077
413.600000 17.896627
413.700000 17.898175
413.800000 17.899723
413.900000 17.901271
414.000000 17.902817
414.100000 17.904363
414.200000 17.905908
414.300000 17.907452
414.400000 17.908996
414.500000 17.910538
414.600000 17.912080
414.700000 17.913621
414.800000 17.915162
414.900000 17.916702
415.000000 17.918240
415.100000 17.919779
415.200000 17.921316
415.300000 17.922853
415.400000 17.924389
415.500000 17.925924
415.600000 17.927458
415.700000 17.928992
415.800000 17.930525
415.900000 17.932057
416.000000 17.933588
416.100000 17.935119
416.200000 17.936649
416.300000 17.938178
416.400000 17.939707
416.500000 17.941234
416.600000 17.942761
416.700000 17.944287
416.800000 17.945813
416.900000 17.947338
417.000000 17.948862
417.100000 17.950385
417.200000 17.951907
417.300000 17.953429
417.400000 17.954950
417.500000 17.956470
417.600000 17.957990
417.700000 17.959509
417.800000 17.961027
417.900000 17.962544
418.000000 17.964060
418.100000 17.965576
418.200000 17.967091
418.300000 17.968606
418.400000 17.970119
418.500000 17.971632
418.600000 17.973144
418.700000 17.974656
418.800000 17.976166
418.900000 17.977676
419.000000 17.979186
419.100000 17.980694
419.200000 17.982202
419.300000 17.983709
419.400000 17.985215
419.500000 17.986721
419.600000 17.988226
419.700000 17.989730
419.800000 17.991233
419.900000 17.992736
420.000000 17.994238
420.100000 17.995739
420.200000 17.997239
420.300000 17.998739
420.400000 18.000238
420.500000 18.001736
420.600000 18.003234
420.700000 18.004731
420.800000 18.006227
420.900000 18.007722
421.000000 18.009217
421.100000 18.010711
421.200000 18.012204
421.300000 18.013697
421.400000 18.015188
421.500000 18.016680
421.600000 18.018170
421.700000 18.019660
421.800000 18.021149
421.900000 18.022637
422.000000 18.024124
422.100000 18.025611
422.200000 18.027097
422.300000 18.028582
422.400000 18.030067
422.500000 18.031551
422.600000 18.033034
422.700000 18.034517
422.800000 18.035998
422.900000 18.037479
423.000000 18.038960
423.100000 18.040439
423.200000 18.041918
423.300000 18.043397
423.400000 18.044874
423.500000 18.046351
423.600000 18.047827
423.700000 18.049302
423.800000 18.050777
423.900000 18.052251
424.000000 18.053724
424.100000 18.055197
424.200000 18.056669
424.300000 18.058140
424.400000 18.059610
424.500000 18.061080
424.600000 18.062549
424.700000 18.064018
424.800000 18.065485
424.900000 18.066952
425.000000 18.068418
425.100000 18.069884
425.200000 18.071349
425.300000 18.072813
425.400000 18.074276
425.500000 18.075739
425.600000 18.077201
425.700000 18.078662
425.800000 18.080123
425.900000 18.081583
426.000000 18.083042
426.100000 18.084501
426.200000 18.085959
426.300000 18.087416
426.400000 18.088872
426.500000 18.090328
426.600000 18.091783
426.700000 18.093238
426.800000 18.094691
426.900000 18.096144
427.000000 18.097597
427.100000 18.099048
427.200000 18.100499
427.300000 18.101949
427.400000 18.103399
427.500000 18.104848
427.600000 18.106296
427.700000 18.107743
427.800000 18.109190
427.900000 18.110636
428.000000 18.112082
428.100000 18.113527
428.200000 18.114971
428.300000 18.116414
428.400000 18.117857
428.500000 18.119299
428.600000 18.120740
428.700000 18.122181
428.800000 18.123621
428.900000 18.125060
429.000000 18.126498
429.100000 18.127936
429.200000 18.129374
429.300000 18.130810
429.400000 18.132246
429.500000 18.133681
429.600000 18.135116
429.700000 18.136550
429.800000 18.137983
429.900000 18.139415
430.000000 18.140847
430.100000 18.142278
430.200000 18.143709
430.300000 18.145138
430.400000 18.146567
430.500000 18.147996
430.600000 18.149424
430.700000 18.150851
430.800000 18.152277
430.900000 18.153703
431.000000 18.155128
431.100000 18.156552
431.200000 18.157976
431.300000 18.159399
431.400000 18.160822
431.500000 18.162243
431.600000 18.163664
431.700000 18.165085
431.800000 18.166504
431.900000 18.167923
432.000000 18.169342
432.100000 18.170759
432.200000 18.172176
432.300000 18.173593
432.400000 18.175009
432.500000 18.176424
432.600000 18.177838
432.700000 18.179252
432.800000 18.180665
432.900000 18.182077
433.000000 18.183489
433.100000 18.184900
433.200000 18.186310
433.300000 18.187720
433.400000 18.189129
433.500000 18.190538
433.600000 18.191945
433.700000 18.193352
433.800000 18.194759
433.900000 18.196165
434.000000 18.197570
434.100000 18.198974
434.200000 18.200378
434.300000 18.201781
434.400000 18.203184
434.500000 18.204586
434.600000 18.205987
434.700000 18.207387
434.800000 18.208787
434.900000 18.210186
435.000000 18.211585
435.100000 18.212983
435.200000 18.214380
435.300000 18.215777
435.400000 18.217173
435.500000 18.218568
435.600000 18.219963
435.700000 18.221357
435.800000 18.222750
435.900000 18.224143
436.000000 18.225535
436.100000 18.226926
436.200000 18.228317
436.300000 18.229707
436.400000 18.231097
436.500000 18.232485
436.600000 18.233874
436.700000 18.235261
436.800000 18.236648
436.900000 18.238034
437.000000 18.239420
437.100000 18.240805
437.200000 18.242189
437.300000 18.243573
437.400000 18.244956
437.500000 18.246338
437.600000 18.247720
437.700000 18.249101
437.800000 18.250482
437.900000 18.251861
438.000000 18.253241
438.100000 18.254619
438.200000 18.255997
438.300000 18.257374
438.400000 18.258751
438.500000 18.260127
438.600000 18.261502
438.700000 18.262877
438.800000 18.264251
438.900000 18.265625
439.000000 18.266997
439.100000 18.268370
439.200000 18.269741
439.300000 18.271112
439.400000 18.272482
439.500000 18.273852
439.600000 18.275221
439.700000 18.276589
439.800000 18.277957
439.900000 18.279324
440.000000 18.280691
440.100000 18.282057
440.200000 18.283422
440.300000 18.284786
440.400000 18.286150
440.500000 18.287514
440.600000 18.288876
440.700000 18.290238
440.800000 18.291600
440.900000 18.292961
441.000000 18.294321
441.100000 18.295680
441.200000 18.297039
441.300000 18.298398
441.400000 18.299755
441.500000 18.301113
441.600000 18.302469
441.700000 18.303825
441.800000 18.305180
441.900000 18.306535
442.000000 18.307889
442.100000 18.309242
442.200000 18.310595
442.300000 18.311947
442.400000 18.313298
442.500000 18.314649
442.600000 18.315999
442.700000 18.317349
442.800000 18.318698
442.900000 18.320046
443.000000 18.321394
443.100000 18.322741
443.200000 18.324088
443.300000 18.325434
443.400000 18.326779
443.500000 18.328124
443.600000 18.329468
443.700000 18.330811
443.800000 18.332154
443.900000 18.333496
444.000000 18.334838
444.100000 18.336179
444.200000 18.337519
444.300000 18.338859
444.400000 18.340198
444.500000 18.341536
444.600000 18.342874
444.700000 18.344212
444.800000 18.345548
444.900000 18.346885
445.000000 18.348220
445.100000 18.349555
445.200000 18.350889
445.300000 18.352223
445.400000 18.353556
445.500000 18.354888
445.600000 18.356220
445.700000 18.357551
445.800000 18.358882
445.900000 18.360212
446.000000 18.361541
446.100000 18.362870
446.200000 18.364198
446.300000 18.365526
446.400000 18.366853
446.500000 18.368179
446.600000 18.369505
446.700000 18.370830
446.800000 18.372155
446.900000 18.373479
447.000000 18.374802
447.100000 18.376125
447.200000 18.377447
447.300000 18.378769
447.400000 18.380090
447.500000 18.381410
447.600000 18.382730
447.700000 18.384049
447.800000 18.385368
447.900000 18.386686
448.000000 18.388003
448.100000 18.389320
448.200000 18.390636
448.300000 18.391952
448.400000 18.393267
448.500000 18.394581
448.600000 18.395895
448.700000 18.397208
448.800000 18.398521
448.900000 18.399833
449.000000 18.401144
449.100000 18.402455
449.200000 18.403765
449.300000 18.405075
449.400000 18.406384
449.500000 18.407693
449.600000 18.409001
449.700000 18.410308
449.800000 18.411615
449.900000 18.412921
450.000000 18.414226
450.100000 18.415531
450.200000 18.416836
450.300000 18.418139
450.400000 18.419442
450.500000 18.420745
450.600000 18.422047
450.700000 18.423349
450.800000 18.424649
450.900000 18.425950
451.000000 18.427249
451.100000 18.428548
451.200000 18.429847
451.300000 18.431145
451.400000 18.432442
451.500000 18.433739
451.600000 18.435035
451.700000 18.436331
451.800000 18.437626
451.900000 18.438920
452.000000 18.440214
452.100000 18.441507
452.200000 18.442800
452.300000 18.444092
452.400000 18.445383
452.500000 18.446674
452.600000 18.447965
452.700000 18.449254
452.800000 18.450544
452.900000 18.451832
453.000000 18.453120
453.100000 18.454408
453.200000 18.455695
453.300000 18.456981
453.400000 18.458267
453.500000 18.459552
453.600000 18.460836
453.700000 18.462120
453.800000 18.463404
453.900000 18.464687
454.000000 18.465969
454.100000 18.467251
454.200000 18.468532
454.300000 18.469812
454.400000 18.471092
454.500000 18.472372
454.600000 18.473651
454.700000 18.474929
454.800000 18.476207
454.900000 18.477484
455.000000 18.478760
455.100000 18.480036
455.200000 18.481312
455.300000 18.482587
455.400000 18.483861
455.500000 18.485135
455.600000 18.486408
455.700000 18.487680
455.800000 18.488952
455.900000 18.490224
456.000000 18.491495
456.100000 18.492765
456.200000 18.494035
456.300000 18.495304
456.400000 18.496573
456.500000 18.497841
456.600000 18.499108
456.700000 18.500375
456.800000 18.501642
456.900000 18.502908
457.000000 18.504173
457.100000 18.505438
457.200000 18.506702
457.300000 18.507965
457.400000 18.509228
457.500000 18.510491
457.600000 18.511753
457.700000 18.513014
457.800000 18.514275
457.900000 18.515535
458.000000 18.516795
458.100000 18.518054
458.200000 18.519312
458.300000 18.520570
458.400000 18.521828
458.500000 18.523084
458.600000 18.524341
458.700000 18.525597
458.800000 18.526852
458.900000 18.528106
459.000000 18.529361
459.100000 18.530614
459.200000 18.531867
459.300000 18.533119
459.400000 18.534371
459.500000 18.535623
459.600000 18.536873
459.700000 18.538124
459.800000 18.539373
459.900000 18.540622
460.000000 18.541871
460.100000 18.543119
460.200000 18.544367
460.300000 18.545613
460.400000 18.546860
460.500000 18.548106
460.600000 18.549351
460.700000 18.550596
460.800000 18.551840
460.900000 18.553083
461.000000 18.554327
461.100000 18.555569
461.200000 18.556811
461.300000 18.558052
461.400000 18.559293
461.500000 18.560534
461.600000 18.561774
461.700000 18.563013
461.800000 18.564251
461.900000 18.565490
462.000000 18.566727
462.100000 18.567964
462.200000 18.569201
462.300000 18.570437
462.400000 18.571672
462.500000 18.572907
462.600000 18.574142
462.700000 18.575375
462.800000 18.576609
462.900000 18.577841
463.000000 18.579074
463.100000 18.580305
463.200000 18.581536
463.300000 18.582767
463.400000 18.583997
463.500000 18.585227
463.600000 18.586456
463.700000 18.587684
463.800000 18.588912
463.900000 18.590139
464.000000 18.591366
464.100000 18.592592
464.200000 18.593818
464.300000 18.595043
464.400000 18.596268
464.500000 18.597492
464.600000 18.598716
464.700000 18.599939
464.800000 18.601161
464.900000 18.602383
465.000000 18.603605
465.100000 18.604826
465.200000 18.606046
465.300000 18.607266
465.400000 18.608485
465.500000 18.609704
465.600000 18.610923
465.700000 18.612140
465.800000 18.613358
465.900000 18.614574
466.000000 18.615790
466.100000 18.617006
466.200000 18.618221
466.300000 18.619436
466.400000 18.620650
466.500000 18.621863
466.600000 18.623076
466.700000 18.624289
466.800000 18.625501
466.900000 18.626712
467.000000 18.627923
467.100000 18.629133
467.200000 18.630343
467.300000 18.631552
467.400000 18.632761
467.500000 18.633969
467.600000 18.635177
467.700000 18.636384
467.800000 18.637591
467.900000 18.638797
468.000000 18.640003
468.100000 18.641208
468.200000 18.642413
468.300000 18.643617
468.400000 18.644820
468.500000 18.646023
468.600000 18.647226
468.700000 18.648428
468.800000 18.649629
468.900000 18.650830
469.000000 18.652031
469.100000 18.653231
469.200000 18.654430
469.300000 18.655629
469.400000 18.656827
469.500000 18.658025
469.600000 18.659222
469.700000 18.660419
469.800000 18.661615
469.900000 18.662811
470.000000 18.664006
470.100000 18.665201
470.200000 18.666395
470.300000 18.667589
470.400000 18.668782
470.500000 18.669975
470.600000 18.671167
470.700000 18.672359
470.800000 18.673550
470.900000 18.674741
471.000000 18.675931
471.100000 18.677120
471.200000 18.678309
471.300000 18.679498
471.400000 18.680686
471.500000 18.681873
471.600000 18.683061
471.700000 18.684247
471.800000 18.685433
471.900000 18.686619
472.000000 18.687804
472.100000 18.688988
472.200000 18.690172
472.300000 18.691356
472.400000 18.692539
472.500000 18.693721
472.600000 18.694903
472.700000 18.696084
472.800000 18.697265
472.900000 18.698446
473.000000 18.699626
473.100000 18.700805
473.200000 18.701984
473.300000 18.703162
473.400000 18.704340
473.500000 18.705518
473.600000 18.706695
473.700000 18.707871
473.800000 18.709047
473.900000 18.710222
474.000000 18.711397
474.100000 18.712571
474.200000 18.713745
474.300000 18.714919
474.400000 18.716092
474.500000 18.717264
474.600000 18.718436
474.700000 18.719607
474.800000 18.720778
474.900000 18.721948
475.000000 18.723118
475.100000 18.724288
475.200000 18.725457
475.300000 18.726625
475.400000 18.727793
475.500000 18.728960
475.600000 18.730127
475.700000 18.731293
475.800000 18.732459
475.900000 18.733625
476.000000 18.734790
476.100000 18.735954
476.200000 18.737118
476.300000 18.738281
476.400000 18.739444
476.500000 18.740607
476.600000 18.741768
476.700000 18.742930
476.800000 18.744091
476.900000 18.745251
477.000000 18.746411
477.100000 18.747571
477.200000 18.748730
477.300000 18.749888
477.400000 18.751046
477.500000 18.752203
477.600000 18.753360
477.700000 18.754517
477.800000 18.755673
477.900000 18.756828
478.000000 18.757983
478.100000 18.759138
478.200000 18.760292
478.300000 18.761446
478.400000 18.762599
478.500000 18.763751
478.600000 18.764903
478.700000 18.766055
478.800000 18.767206
478.900000 18.768357
479.000000 18.769507
479.100000 18.770656
479.200000 18.771806
479.300000 18.772954
479.400000 18.774102
479.500000 18.775250
479.600000 18.776397
479.700000 18.777544
479.800000 18.778690
479.900000 18.779836
480.000000 18.780981
480.100000 18.782126
480.200000 18.783271
480.300000 18.784414
480.400000 18.785558
480.500000 18.786701
480.600000 18.787843
480.700000 18.788985
480.800000 18.790126
480.900000 18.791267
481.000000 18.792408
481.100000 18.793548
481.200000 18.794687
481.300000 18.795826
481.400000 18.796965
481.500000 18.798103
481.600000 18.799240
481.700000 18.800377
481.800000 18.801514
481.900000 18.802650
482.000000 18.803786
482.100000 18.804921
482.200000 18.806056
482.300000 18.807190
482.400000 18.808324
482.500000 18.809457
482.600000 18.810590
482.700000 18.811722
482.800000 18.812854
482.900000 18.813985
483.000000 18.815116
483.100000 18.816247
483.200000 18.817377
483.300000 18.818506
483.400000 18.819635
483.500000 18.820764
483.600000 18.821892
483.700000 18.823019
483.800000 18.824146
483.900000 18.825273
484.000000 18.826399
484.100000 18.827525
484.200000 18.828650
484.300000 18.829775
484.400000 18.830899
484.500000 18.832023
484.600000 18.833146
484.700000 18.834269
484.800000 18.835391
484.900000 18.836513
485.000000 18.837635
485.100000 18.838756
485.200000 18.839876
485.300000 18.840996
485.400000 18.842116
485.500000 18.843235
485.600000 18.844354
485.700000 18.845472
485.800000 18.846590
485.900000 18.847707
486.000000 18.848824
486.100000 18.849940
486.200000 18.851056
486.300000 18.852171
486.400000 18.853286
486.500000 18.854401
486.600000 18.855515
486.700000 18.856628
486.800000 18.857741
486.900000 18.858854
487.000000 18.859966
487.100000 18.861078
487.200000 18.862189
487.300000 18.863300
487.400000 18.864410
487.500000 18.865520
487.600000 18.866629
487.700000 18.867738
487.800000 18.868847
487.900000 18.869955
488.000000 18.871062
488.100000 18.872169
488.200000 18.873276
488.300000 18.874382
488.400000 18.875488
488.500000 18.876593
488.600000 18.877698
488.700000 18.878802
488.800000 18.879906
488.900000 18.881009
489.000000 18.882112
489.100000 18.883214
489.200000 18.884317
489.300000 18.885418
489.400000 18.886519
489.500000 18.887620
489.600000 18.888720
489.700000 18.889820
489.800000 18.890919
489.900000 18.892018
490.000000 18.893116
490.100000 18.894214
490.200000 18.895312
490.300000 18.896409
490.400000 18.897505
490.500000 18.898601
490.600000 18.899697
490.700000 18.900792
490.800000 18.901887
490.900000 18.902981
491.000000 18.904075
491.100000 18.905168
491.200000 18.906261
491.300000 18.907354
491.400000 18.908446
491.500000 18.909538
491.600000 18.910629
491.700000 18.911719
491.800000 18.912810
491.900000 18.913899
492.000000 18.914989
492.100000 18.916078
492.200000 18.917166
492.300000 18.918254
492.400000 18.919342
492.500000 18.920429
492.600000 18.921515
492.700000 18.922602
492.800000 18.923687
492.900000 18.924773
493.000000 18.925858
493.100000 18.926942
493.200000 18.928026
493.300000 18.929109
493.400000 18.930193
493.500000 18.931275
493.600000 18.932357
493.700000 18.933439
493.800000 18.934520
493.900000 18.935601
494.000000 18.936682
494.100000 18.937762
494.200000 18.938841
494.300000 18.939920
494.400000 18.940999
494.500000 18.942077
494.600000 18.943155
494.700000 18.944232
494.800000 18.945309
494.900000 18.946386
495.000000 18.947462
495.100000 18.948537
495.200000 18.949612
495.300000 18.950687
495.400000 18.951761
495.500000 18.952835
495.600000 18.953908
495.700000 18.954981
495.800000 18.956054
495.900000 18.957126
496.000000 18.958197
496.100000 18.959269
496.200000 18.960339
496.300000 18.961410
496.400000 18.962479
496.500000 18.963549
496.600000 18.964618
496.700000 18.965686
496.800000 18.966754
496.900000 18.967822
497.000000 18.968889
497.100000 18.969956
497.200000 18.971023
497.300000 18.972088
497.400000 18.973154
497.500000 18.974219
497.600000 18.975284
497.700000 18.976348
497.800000 18.977412
497.900000 18.978475
498.000000 18.979538
498.100000 18.980600
498.200000 18.981662
498.300000 18.982724
498.400000 18.983785
498.500000 18.984846
498.600000 18.985906
498.700000 18.986966
498.800000 18.988025
498.900000 18.989084
499.000000 18.990143
499.100000 18.991201
499.200000 18.992259
499.300000 18.993316
499.400000 18.994373
499.500000 18.995430
499.600000 18.996486
499.700000 18.997541
499.800000 18.998596
499.900000 18.999651
