1.25100 40152.26796
1.26100 38886.30979
1.27100 37656.23030
1.28100 36461.08639
1.29100 35299.96896
1.30100 34172.00075
1.31100 33076.33430
1.32100 32012.15002
1.33100 30978.65433
1.34100 29975.07784
1.35100 29000.67377
1.36100 28054.71635
1.37100 27136.49938
1.38100 26245.33496
1.39100 25380.55222
1.40100 24541.49624
1.41100 23727.52705
1.42100 22938.01873
1.43100 22172.35862
1.44100 21429.94659
1.45100 20710.19447
1.46100 20012.52543
1.47100 19336.37360
1.48100 18681.18361
1.49100 18046.41025
1.50100 17431.51826
1.51100 16835.98199
1.52100 16259.28531
1.53100 15700.92137
1.54100 15160.39257
1.55100 14637.21038
1.56100 14130.89532
1.57100 13640.97691
1.58100 13166.99360
1.59100 12708.49278
1.60100 12265.03077
1.61100 11836.17274
1.62100 11421.49279
1.63100 11020.57388
1.64100 10633.00785
1.65100 10258.39539
1.66100 9896.34604
1.67100 9546.47815
1.68100 9208.41887
1.69100 8881.80410
1.70100 8566.27846
1.71100 8261.49522
1.72100 7967.11626
1.73100 7682.81201
1.74100 7408.26136
1.75100 7143.15158
1.76100 6887.17824
1.77100 6640.04510
1.78100 6401.46403
1.79100 6171.15487
1.80100 5948.84535
1.81100 5734.27093
1.82100 5527.17470
1.83100 5327.30725
1.84100 5134.42652
1.85100 4948.29766
1.86100 4768.69292
1.87100 4595.39147
1.88100 4428.17924
1.89100 4266.84884
1.90100 4111.19934
1.91100 3961.03614
1.92100 3816.17084
1.93100 3676.42105
1.94100 3541.61029
1.95100 3411.56778
1.96100 3286.12833
1.97100 3165.13217
1.98100 3048.42480
1.99100 2935.85689
2.00100 2827.28405
2.01100 2722.56675
2.02100 2621.57018
2.03100 2524.16406
2.04100 2430.22257
2.05100 2339.62414
2.06100 2252.25140
2.07100 2167.99099
2.08100 2086.73344
2.09100 2008.37310
2.10100 1932.80793
2.11100 1859.93947
2.12100 1789.67267
2.13100 1721.91580
2.14100 1656.58031
2.15100 1593.58079
2.16100 1532.83479
2.17100 1474.26277
2.18100 1417.78798
2.19100 1363.33637
2.20100 1310.83651
2.21100 1260.21947
2.22100 1211.41876
2.23100 1164.37025
2.24100 1119.01207
2.25100 1075.28453
2.26100 1033.13006
2.27100 992.49311
2.28100 953.32013
2.29100 915.55945
2.30100 879.16121
2.31100 844.07733
2.32100 810.26146
2.33100 777.66884
2.34100 746.25634
2.35100 715.98233
2.36100 686.80667
2.37100 658.69061
2.38100 631.59682
2.39100 605.48925
2.40100 580.33313
2.41100 556.09494
2.42100 532.74231
2.43100 510.24406
2.44100 488.57005
2.45100 467.69126
2.46100 447.57966
2.47100 428.20821
2.48100 409.55082
2.49100 391.58235
2.50100 374.27850
2.51100 357.61584
2.52100 341.57177
2.53100 326.12449
2.54100 311.25294
2.55100 296.93682
2.56100 283.15653
2.57100 269.89316
2.58100 257.12846
2.59100 244.84483
2.60100 233.02526
2.61100 221.65336
2.62100 210.71329
2.63100 200.18979
2.64100 190.06810
2.65100 180.33401
2.66100 170.97377
2.67100 161.97413
2.68100 153.32231
2.69100 145.00594
2.70100 137.01311
2.71100 129.33232
2.72100 121.95246
2.73100 114.86282
2.74100 108.05304
2.75100 101.51314
2.76100 95.23348
2.77100 89.20476
2.78100 83.41798
2.79100 77.86448
2.80100 72.53589
2.81100 67.42413
2.82100 62.52140
2.83100 57.82016
2.84100 53.31316
2.85100 48.99336
2.86100 44.85401
2.87100 40.88855
2.88100 37.09068
2.89100 33.45431
2.90100 29.97355
2.91100 26.64273
2.92100 23.45636
2.93100 20.40916
2.94100 17.49602
2.95100 14.71200
2.96100 12.05236
2.97100 9.51249
2.98100 7.08797
2.99100 4.77451
3.00100 2.56799
3.01100 0.46441
3.02100 -1.54006
3.03100 -3.44915
3.04100 -5.26643
3.05100 -6.99537
3.06100 -8.63930
3.07100 -10.20144
3.08100 -11.68491
3.09100 -13.09270
3.10100 -14.42771
3.11100 -15.69273
3.12100 -16.89046
3.13100 -18.02349
3.14100 -19.09434
3.15100 -20.10543
3.16100 -21.05909
3.17100 -21.95757
3.18100 -22.80305
3.19100 -23.59763
3.20100 -24.34332
3.21100 -25.04208
3.22100 -25.69579
3.23100 -26.30626
3.24100 -26.87525
3.25100 -27.40443
3.26100 -27.89544
3.27100 -28.34985
3.28100 -28.76916
3.29100 -29.15484
3.30100 -29.50829
3.31100 -29.83086
3.32100 -30.12387
3.33100 -30.38856
3.34100 -30.62617
3.35100 -30.83784
3.36100 -31.02472
3.37100 -31.18787
3.38100 -31.32836
3.39100 -31.44719
3.40100 -31.54533
3.41100 -31.62370
3.42100 -31.68322
3.43100 -31.72475
3.44100 -31.74913
3.45100 -31.75715
3.46100 -31.74959
3.47100 -31.72720
3.48100 -31.69069
3.49100 -31.64075
3.50100 -31.57805
3.51100 -31.50322
3.52100 -31.41688
3.53100 -31.31962
3.54100 -31.21200
3.55100 -31.09458
3.56100 -30.96787
3.57100 -30.83239
3.58100 -30.68862
3.59100 -30.53702
3.60100 -30.37804
3.61100 -30.21212
3.62100 -30.03966
3.63100 -29.86107
3.64100 -29.67673
3.65100 -29.48699
3.66100 -29.29222
3.67100 -29.09274
3.68100 -28.88889
3.69100 -28.68097
3.70100 -28.46928
3.71100 -28.25411
3.72100 -28.03572
3.73100 -27.81438
3.74100 -27.59035
3.75100 -27.36386
3.76100 -27.13514
3.77100 -26.90441
3.78100 -26.67188
3.79100 -26.43776
3.80100 -26.20223
3.81100 -25.96549
3.82100 -25.72770
3.83100 -25.48903
3.84100 -25.24965
3.85100 -25.00971
3.86100 -24.76936
3.87100 -24.52873
3.88100 -24.28795
3.89100 -24.04716
3.90100 -23.80647
3.91100 -23.56600
3.92100 -23.32586
3.93100 -23.08615
3.94100 -22.84697
3.95100 -22.60841
3.96100 -22.37057
3.97100 -22.13352
3.98100 -21.89734
3.99100 -21.66212
4.00100 -21.42792
4.01100 -21.19481
4.02100 -20.96285
4.03100 -20.73211
4.04100 -20.50263
4.05100 -20.27448
4.06100 -20.04770
4.07100 -19.82234
4.08100 -19.59844
4.09100 -19.37604
4.10100 -19.15519
4.11100 -18.93591
4.12100 -18.71824
4.13100 -18.50222
4.14100 -18.28786
4.15100 -18.07520
4.16100 -17.86426
4.17100 -17.65505
4.18100 -17.44761
4.19100 -17.24195
4.20100 -17.03808
4.21100 -16.83603
4.22100 -16.63579
4.23100 -16.43739
4.24100 -16.24084
4.25100 -16.04614
4.26100 -15.85329
4.27100 -15.66232
4.28100 -15.47321
4.29100 -15.28597
4.30100 -15.10062
4.31100 -14.91714
4.32100 -14.73553
4.33100 -14.55581
4.34100 -14.37795
4.35100 -14.20197
4.36100 -14.02786
4.37100 -13.85562
4.38100 -13.68523
4.39100 -13.51670
4.40100 -13.35001
4.41100 -13.18521
4.42100 -13.02239
4.43100 -12.86154
4.44100 -12.70264
4.45100 -12.54566
4.46100 -12.39060
4.47100 -12.23744
4.48100 -12.08616
4.49100 -11.93674
4.50100 -11.78917
4.51100 -11.64342
4.52100 -11.49948
4.53100 -11.35733
4.54100 -11.21695
4.55100 -11.07833
4.56100 -10.94144
4.57100 -10.80627
4.58100 -10.67280
4.59100 -10.54102
4.60100 -10.41090
4.61100 -10.28243
4.62100 -10.15558
4.63100 -10.03035
4.64100 -9.90671
4.65100 -9.78465
4.66100 -9.66415
4.67100 -9.54518
4.68100 -9.42774
4.69100 -9.31180
4.70100 -9.19736
4.71100 -9.08438
4.72100 -8.97286
4.73100 -8.86277
4.74100 -8.75410
4.75100 -8.64684
4.76100 -8.54096
4.77100 -8.43646
4.78100 -8.33330
4.79100 -8.23148
4.80100 -8.13099
4.81100 -8.03179
4.82100 -7.93389
4.83100 -7.83726
4.84100 -7.74188
4.85100 -7.64775
4.86100 -7.55484
4.87100 -7.46314
4.88100 -7.37264
4.89100 -7.28332
4.90100 -7.19516
4.91100 -7.10815
4.92100 -7.02228
4.93100 -6.93753
4.94100 -6.85388
4.95100 -6.77133
4.96100 -6.68986
4.97100 -6.60945
4.98100 -6.53009
4.99100 -6.45177
5.00100 -6.37447
5.01100 -6.29818
5.02100 -6.22289
5.03100 -6.14859
5.04100 -6.07525
5.05100 -6.00287
5.06100 -5.93144
5.07100 -5.86094
5.08100 -5.79136
5.09100 -5.72269
5.10100 -5.65492
5.11100 -5.58803
5.12100 -5.52201
5.13100 -5.45686
5.14100 -5.39255
5.15100 -5.32908
5.16100 -5.26644
5.17100 -5.20462
5.18100 -5.14360
5.19100 -5.08337
5.20100 -5.02393
5.21100 -4.96526
5.22100 -4.90735
5.23100 -4.85019
5.24100 -4.79378
5.25100 -4.73809
5.26100 -4.68313
5.27100 -4.62888
5.28100 -4.57534
5.29100 -4.52248
5.30100 -4.47031
5.31100 -4.41881
5.32100 -4.36798
5.33100 -4.31781
5.34100 -4.26828
5.35100 -4.21939
5.36100 -4.17113
5.37100 -4.12349
5.38100 -4.07646
5.39100 -4.03003
5.40100 -3.98420
5.41100 -3.93896
5.42100 -3.89430
5.43100 -3.85021
5.44100 -3.80669
5.45100 -3.76372
5.46100 -3.72129
5.47100 -3.67941
5.48100 -3.63807
5.49100 -3.59725
5.50100 -3.55694
5.51100 -3.51715
5.52100 -3.47787
5.53100 -3.43908
5.54100 -3.40079
5.55100 -3.36298
5.56100 -3.32564
5.57100 -3.28878
5.58100 -3.25238
5.59100 -3.21645
5.60100 -3.18096
5.61100 -3.14592
5.62100 -3.11132
5.63100 -3.07715
5.64100 -3.04342
5.65100 -3.01010
5.66100 -2.97720
5.67100 -2.94471
5.68100 -2.91263
5.69100 -2.88095
5.70100 -2.84966
5.71100 -2.81876
5.72100 -2.78824
5.73100 -2.75810
5.74100 -2.72833
5.75100 -2.69894
5.76100 -2.66990
5.77100 -2.64123
5.78100 -2.61290
5.79100 -2.58493
5.80100 -2.55730
5.81100 -2.53001
5.82100 -2.50305
5.83100 -2.47643
5.84100 -2.45013
5.85100 -2.42415
5.86100 -2.39848
5.87100 -2.37313
5.88100 -2.34809
5.89100 -2.32335
5.90100 -2.29892
5.91100 -2.27478
5.92100 -2.25093
5.93100 -2.22737
5.94100 -2.20409
5.95100 -2.18109
5.96100 -2.15837
5.97100 -2.13593
5.98100 -2.11375
5.99100 -2.09184
6.00100 -2.07019
6.01100 -2.04880
6.02100 -2.02767
6.03100 -2.00678
6.04100 -1.98615
6.05100 -1.96576
6.06100 -1.94562
6.07100 -1.92571
6.08100 -1.90604
6.09100 -1.88660
6.10100 -1.86739
6.11100 -1.84840
6.12100 -1.82964
6.13100 -1.81110
6.14100 -1.79278
6.15100 -1.77467
6.16100 -1.75678
6.17100 -1.73909
6.18100 -1.72161
6.19100 -1.70434
6.20100 -1.68726
6.21100 -1.67039
6.22100 -1.65371
6.23100 -1.63722
6.24100 -1.62092
6.25100 -1.60481
6.26100 -1.58889
6.27100 -1.57315
6.28100 -1.55760
6.29100 -1.54222
6.30100 -1.52701
6.31100 -1.51198
6.32100 -1.49713
6.33100 -1.48244
6.34100 -1.46792
6.35100 -1.45357
6.36100 -1.43938
6.37100 -1.42535
6.38100 -1.41147
6.39100 -1.39776
6.40100 -1.38420
6.41100 -1.37080
6.42100 -1.35754
6.43100 -1.34444
6.44100 -1.33148
6.45100 -1.31866
6.46100 -1.30599
6.47100 -1.29347
6.48100 -1.28108
6.49100 -1.26883
6.50100 -1.25672
6.51100 -1.24474
6.52100 -1.23289
6.53100 -1.22118
6.54100 -1.20959
6.55100 -1.19814
6.56100 -1.18680
6.57100 -1.17560
6.58100 -1.16452
6.59100 -1.15356
6.60100 -1.14272
6.61100 -1.13200
6.62100 -1.12139
6.63100 -1.11090
6.64100 -1.10053
6.65100 -1.09027
6.66100 -1.08012
6.67100 -1.07008
6.68100 -1.06015
6.69100 -1.05033
6.70100 -1.04061
6.71100 -1.03100
6.72100 -1.02149
6.73100 -1.01209
6.74100 -1.00278
6.75100 -0.99358
6.76100 -0.98447
6.77100 -0.97546
6.78100 -0.96655
6.79100 -0.95773
6.80100 -0.94901
6.81100 -0.94038
6.82100 -0.93184
6.83100 -0.92339
6.84100 -0.91503
6.85100 -0.90676
6.86100 -0.89857
6.87100 -0.89048
6.88100 -0.88246
6.89100 -0.87454
6.90100 -0.86669
6.91100 -0.85893
6.92100 -0.85125
6.93100 -0.84365
6.94100 -0.83612
6.95100 -0.82868
6.96100 -0.82131
6.97100 -0.81402
6.98100 -0.80681
6.99100 -0.79967
7.00100 -0.79261
7.01100 -0.78561
7.02100 -0.77869
7.03100 -0.77184
7.04100 -0.76506
7.05100 -0.75836
7.06100 -0.75171
7.07100 -0.74514
7.08100 -0.73864
7.09100 -0.73220
7.10100 -0.72582
7.11100 -0.71952
7.12100 -0.71327
7.13100 -0.70709
7.14100 -0.70097
7.15100 -0.69491
7.16100 -0.68892
7.17100 -0.68298
7.18100 -0.67711
7.19100 -0.67129
7.20100 -0.66553
7.21100 -0.65983
7.22100 -0.65419
7.23100 -0.64860
7.24100 -0.64307
7.25100 -0.63760
7.26100 -0.63218
7.27100 -0.62681
7.28100 -0.62150
7.29100 -0.61623
7.30100 -0.61102
7.31100 -0.60587
7.32100 -0.60076
7.33100 -0.59570
7.34100 -0.59070
7.35100 -0.58574
7.36100 -0.58083
7.37100 -0.57597
7.38100 -0.57116
7.39100 -0.56639
7.40100 -0.56167
7.41100 -0.55700
7.42100 -0.55237
7.43100 -0.54779
7.44100 -0.54325
7.45100 -0.53875
7.46100 -0.53430
7.47100 -0.52989
7.48100 -0.52553
7.49100 -0.52120
7.50100 -0.51692
7.51100 -0.51268
7.52100 -0.50848
7.53100 -0.50432
7.54100 -0.50020
7.55100 -0.49612
7.56100 -0.49208
7.57100 -0.48807
7.58100 -0.48411
7.59100 -0.48018
7.60100 -0.47629
7.61100 -0.47244
7.62100 -0.46862
7.63100 -0.46484
7.64100 -0.46109
7.65100 -0.45738
7.66100 -0.45371
7.67100 -0.45007
7.68100 -0.44646
7.69100 -0.44289
7.70100 -0.43935
7.71100 -0.43584
7.72100 -0.43237
7.73100 -0.42893
7.74100 -0.42552
7.75100 -0.42214
7.76100 -0.41880
7.77100 -0.41548
7.78100 -0.41220
7.79100 -0.40894
7.80100 -0.40572
7.81100 -0.40252
7.82100 -0.39936
7.83100 -0.39622
7.84100 -0.39312
7.85100 -0.39004
7.86100 -0.38699
7.87100 -0.38397
7.88100 -0.38097
7.89100 -0.37801
7.90100 -0.37507
7.91100 -0.37215
7.92100 -0.36926
7.93100 -0.36640
7.94100 -0.36357
7.95100 -0.36076
7.96100 -0.35798
7.97100 -0.35522
7.98100 -0.35248
7.99100 -0.34977
8.00100 -0.34709
8.01100 -0.34443
8.02100 -0.34179
8.03100 -0.33918
8.04100 -0.33659
8.05100 -0.33402
8.06100 -0.33148
8.07100 -0.32896
8.08100 -0.32646
8.09100 -0.32398
8.10100 -0.32152
8.11100 -0.31909
8.12100 -0.31668
8.13100 -0.31429
8.14100 -0.31192
8.15100 -0.30957
8.16100 -0.30725
8.17100 -0.30494
8.18100 -0.30265
8.19100 -0.30039
8.20100 -0.29814
8.21100 -0.29591
8.22100 -0.29370
8.23100 -0.29152
8.24100 -0.28935
8.25100 -0.28720
8.26100 -0.28506
8.27100 -0.28295
8.28100 -0.28086
8.29100 -0.27878
8.30100 -0.27672
8.31100 -0.27468
8.32100 -0.27265
8.33100 -0.27065
8.34100 -0.26866
8.35100 -0.26669
8.36100 -0.26473
8.37100 -0.26280
8.38100 -0.26087
8.39100 -0.25897
8.40100 -0.25708
8.41100 -0.25521
8.42100 -0.25335
8.43100 -0.25151
8.44100 -0.24968
8.45100 -0.24787
8.46100 -0.24608
8.47100 -0.24430
8.48100 -0.24254
8.49100 -0.24079
8.50100 -0.23905
8.51100 -0.23733
8.52100 -0.23563
8.53100 -0.23394
8.54100 -0.23226
8.55100 -0.23060
8.56100 -0.22895
8.57100 -0.22731
8.58100 -0.22569
8.59100 -0.22408
8.60100 -0.22249
8.61100 -0.22091
8.62100 -0.21934
8.63100 -0.21778
8.64100 -0.21624
8.65100 -0.21471
8.66100 -0.21319
8.67100 -0.21169
8.68100 -0.21020
8.69100 -0.20872
8.70100 -0.20725
8.71100 -0.20580
8.72100 -0.20435
8.73100 -0.20292
8.74100 -0.20150
8.75100 -0.20009
8.76100 -0.19870
8.77100 -0.19731
8.78100 -0.19594
8.79100 -0.19457
8.80100 -0.19322
8.81100 -0.19188
8.82100 -0.19055
8.83100 -0.18923
8.84100 -0.18792
8.85100 -0.18662
8.86100 -0.18534
8.87100 -0.18406
8.88100 -0.18279
8.89100 -0.18154
8.90100 -0.18029
8.91100 -0.17905
8.92100 -0.17783
8.93100 -0.17661
8.94100 -0.17540
8.95100 -0.17421
8.96100 -0.17302
8.97100 -0.17184
8.98100 -0.17067
8.99100 -0.16951
9.00100 -0.16836
9.01100 -0.16722
9.02100 -0.16609
9.03100 -0.16496
9.04100 -0.16385
9.05100 -0.16274
9.06100 -0.16165
9.07100 -0.16056
9.08100 -0.15948
9.09100 -0.15841
9.10100 -0.15734
9.11100 -0.15629
9.12100 -0.15524
9.13100 -0.15421
9.14100 -0.15318
9.15100 -0.15215
9.16100 -0.15114
9.17100 -0.15013
9.18100 -0.14914
9.19100 -0.14815
9.20100 -0.14716
9.21100 -0.14619
9.22100 -0.14522
9.23100 -0.14426
9.24100 -0.14331
9.25100 -0.14236
9.26100 -0.14142
9.27100 -0.14049
9.28100 -0.13957
9.29100 -0.13865
9.30100 -0.13774
9.31100 -0.13684
9.32100 -0.13595
9.33100 -0.13506
9.34100 -0.13417
9.35100 -0.13330
9.36100 -0.13243
9.37100 -0.13157
9.38100 -0.13071
9.39100 -0.12986
9.40100 -0.12902
9.41100 -0.12819
9.42100 -0.12736
9.43100 -0.12653
9.44100 -0.12572
9.45100 -0.12490
9.46100 -0.12410
9.47100 -0.12330
9.48100 -0.12251
9.49100 -0.12172
9.50100 -0.12094
9.51100 -0.12016
9.52100 -0.11939
9.53100 -0.11863
9.54100 -0.11787
9.55100 -0.11712
9.56100 -0.11637
9.57100 -0.11563
9.58100 -0.11490
9.59100 -0.11417
9.60100 -0.11344
9.61100 -0.11272
9.62100 -0.11201
9.63100 -0.11130
9.64100 -0.11060
9.65100 -0.10990
9.66100 -0.10921
9.67100 -0.10852
9.68100 -0.10784
9.69100 -0.10716
9.70100 -0.10648
9.71100 -0.10582
9.72100 -0.10515
9.73100 -0.10450
9.74100 -0.10384
9.75100 -0.10319
9.76100 -0.10255
9.77100 -0.10191
9.78100 -0.10128
9.79100 -0.10065
9.80100 -0.10002
9.81100 -0.09940
9.82100 -0.09878
9.83100 -0.09817
9.84100 -0.09756
9.85100 -0.09696
9.86100 -0.09636
9.87100 -0.09577
9.88100 -0.09518
9.89100 -0.09459
9.90100 -0.09401
9.91100 -0.09343
9.92100 -0.09286
9.93100 -0.09229
9.94100 -0.09173
9.95100 -0.09116
9.96100 -0.09061
9.97100 -0.09005
9.98100 -0.08950
9.99100 -0.08896
10.00100 -0.08842
10.01100 -0.08788
10.02100 -0.08735
10.03100 -0.08682
10.04100 -0.08629
10.05100 -0.08577
10.06100 -0.08525
10.07100 -0.08473
10.08100 -0.08422
10.09100 -0.08372
10.10100 -0.08321
10.11100 -0.08271
10.12100 -0.08221
10.13100 -0.08172
10.14100 -0.08123
10.15100 -0.08074
10.16100 -0.08026
10.17100 -0.07978
10.18100 -0.07930
10.19100 -0.07883
10.20100 -0.07836
10.21100 -0.07789
10.22100 -0.07743
10.23100 -0.07697
10.24100 -0.07651
10.25100 -0.07606
10.26100 -0.07561
10.27100 -0.07516
10.28100 -0.07472
10.29100 -0.07427
10.30100 -0.07384
10.31100 -0.07340
10.32100 -0.07297
10.33100 -0.07254
10.34100 -0.07211
10.35100 -0.07169
10.36100 -0.07127
10.37100 -0.07085
10.38100 -0.07044
10.39100 -0.07002
10.40100 -0.06961
10.41100 -0.06921
10.42100 -0.06880
10.43100 -0.06840
10.44100 -0.06800
10.45100 -0.06761
10.46100 -0.06722
10.47100 -0.06683
10.48100 -0.06644
10.49100 -0.06605
10.50100 -0.06567
10.51100 -0.06529
10.52100 -0.06491
10.53100 -0.06454
10.54100 -0.06417
10.55100 -0.06380
10.56100 -0.06343
10.57100 -0.06307
10.58100 -0.06270
10.59100 -0.06235
10.60100 -0.06199
10.61100 -0.06163
10.62100 -0.06128
10.63100 -0.06093
10.64100 -0.06058
10.65100 -0.06024
10.66100 -0.05989
10.67100 -0.05955
10.68100 -0.05921
10.69100 -0.05888
10.70100 -0.05854
10.71100 -0.05821
10.72100 -0.05788
10.73100 -0.05755
10.74100 -0.05723
10.75100 -0.05691
10.76100 -0.05658
10.77100 -0.05627
10.78100 -0.05595
10.79100 -0.05563
10.80100 -0.05532
10.81100 -0.05501
10.82100 -0.05470
10.83100 -0.05439
10.84100 -0.05409
10.85100 -0.05379
10.86100 -0.05349
10.87100 -0.05319
10.88100 -0.05289
10.89100 -0.05260
10.90100 -0.05230
10.91100 -0.05201
10.92100 -0.05172
10.93100 -0.05144
10.94100 -0.05115
10.95100 -0.05087
10.96100 -0.05059
10.97100 -0.05031
10.98100 -0.05003
10.99100 -0.04975
11.00100 -0.04948
11.01100 -0.04920
11.02100 -0.04893
11.03100 -0.04866
11.04100 -0.04840
11.05100 -0.04813
11.06100 -0.04787
11.07100 -0.04760
11.08100 -0.04734
11.09100 -0.04709
11.10100 -0.04683
11.11100 -0.04657
11.12100 -0.04632
11.13100 -0.04607
11.14100 -0.04581
11.15100 -0.04557
11.16100 -0.04532
11.17100 -0.04507
11.18100 -0.04483
11.19100 -0.04458
11.20100 -0.04434
11.21100 -0.04410
11.22100 -0.04386
11.23100 -0.04363
11.24100 -0.04339
11.25100 -0.04316
11.26100 -0.04293
11.27100 -0.04269
11.28100 -0.04246
11.29100 -0.04224
11.30100 -0.04201
11.31100 -0.04178
11.32100 -0.04156
11.33100 -0.04134
11.34100 -0.04112
11.35100 -0.04090
11.36100 -0.04068
11.37100 -0.04046
11.38100 -0.04025
11.39100 -0.04003
11.40100 -0.03982
11.41100 -0.03961
11.42100 -0.03940
11.43100 -0.03919
11.44100 -0.03898
11.45100 -0.03877
11.46100 -0.03857
11.47100 -0.03837
11.48100 -0.03816
11.49100 -0.03796
11.50100 -0.03776
11.51100 -0.03756
11.52100 -0.03737
11.53100 -0.03717
11.54100 -0.03697
11.55100 -0.03678
11.56100 -0.03659
11.57100 -0.03640
11.58100 -0.03620
11.59100 -0.03602
11.60100 -0.03583
11.61100 -0.03564
11.62100 -0.03545
11.63100 -0.03527
11.64100 -0.03509
11.65100 -0.03490
11.66100 -0.03472
11.67100 -0.03454
11.68100 -0.03436
11.69100 -0.03418
11.70100 -0.03401
11.71100 -0.03383
11.72100 -0.03366
11.73100 -0.03348
11.74100 -0.03331
11.75100 -0.03314
11.76100 -0.03297
11.77100 -0.03280
11.78100 -0.03263
11.79100 -0.03246
11.80100 -0.03229
11.81100 -0.03213
11.82100 -0.03196
11.83100 -0.03180
11.84100 -0.03164
11.85100 -0.03148
11.86100 -0.03132
11.87100 -0.03116
11.88100 -0.03100
11.89100 -0.03084
11.90100 -0.03068
11.91100 -0.03053
11.92100 -0.03037
11.93100 -0.03022
11.94100 -0.03006
11.95100 -0.02991
11.96100 -0.02976
11.97100 -0.02961
11.98100 -0.02946
11.99100 -0.02931
12.00100 -0.02916
12.01100 -0.02902
12.02100 -0.02887
12.03100 -0.02872
12.04100 -0.02858
12.05100 -0.02844
12.06100 -0.02829
12.07100 -0.02815
12.08100 -0.02801
12.09100 -0.02787
12.10100 -0.02773
12.11100 -0.02759
12.12100 -0.02745
12.13100 -0.02732
12.14100 -0.02718
12.15100 -0.02704
12.16100 -0.02691
12.17100 -0.02678
12.18100 -0.02664
12.19100 -0.02651
12.20100 -0.02638
12.21100 -0.02625
12.22100 -0.02612
12.23100 -0.02599
12.24100 -0.02586
12.25100 -0.02573
12.26100 -0.02561
12.27100 -0.02548
12.28100 -0.02535
12.29100 -0.02523
12.30100 -0.02510
12.31100 -0.02498
12.32100 -0.02486
12.33100 -0.02474
12.34100 -0.02462
12.35100 -0.02449
12.36100 -0.02437
12.37100 -0.02426
12.38100 -0.02414
12.39100 -0.02402
12.40100 -0.02390
12.41100 -0.02379
12.42100 -0.02367
12.43100 -0.02355
12.44100 -0.02344
12.45100 -0.02333
12.46100 -0.02321
12.47100 -0.02310
12.48100 -0.02299
12.49100 -0.02288
12.50100 -0.02277
12.51100 -0.02266
12.52100 -0.02255
12.53100 -0.02244
12.54100 -0.02233
12.55100 -0.02222
12.56100 -0.02211
12.57100 -0.02201
12.58100 -0.02190
12.59100 -0.02180
12.60100 -0.02169
12.61100 -0.02159
12.62100 -0.02148
12.63100 -0.02138
12.64100 -0.02128
12.65100 -0.02118
12.66100 -0.02108
12.67100 -0.02098
12.68100 -0.02088
12.69100 -0.02078
12.70100 -0.02068
12.71100 -0.02058
12.72100 -0.02048
12.73100 -0.02038
12.74100 -0.02029
12.75100 -0.02019
12.76100 -0.02009
12.77100 -0.02000
12.78100 -0.01990
12.79100 -0.01981
12.80100 -0.01972
12.81100 -0.01962
12.82100 -0.01953
12.83100 -0.01944
12.84100 -0.01935
12.85100 -0.01926
12.86100 -0.01917
12.87100 -0.01908
12.88100 -0.01899
12.89100 -0.01890
12.90100 -0.01881
12.91100 -0.01872
12.92100 -0.01863
12.93100 -0.01855
12.94100 -0.01846
12.95100 -0.01837
12.96100 -0.01829
12.97100 -0.01820
12.98100 -0.01812
12.99100 -0.01803
13.00100 -0.01795
13.01100 -0.01787
13.02100 -0.01778
13.03100 -0.01770
13.04100 -0.01762
13.05100 -0.01754
13.06100 -0.01746
13.07100 -0.01737
13.08100 -0.01729
13.09100 -0.01721
13.10100 -0.01713
13.11100 -0.01706
13.12100 -0.01698
13.13100 -0.01690
13.14100 -0.01682
13.15100 -0.01674
13.16100 -0.01667
13.17100 -0.01659
13.18100 -0.01651
13.19100 -0.01644
13.20100 -0.01636
13.21100 -0.01629
13.22100 -0.01621
13.23100 -0.01614
13.24100 -0.01607
13.25100 -0.01599
13.26100 -0.01592
13.27100 -0.01585
13.28100 -0.01578
13.29100 -0.01570
13.30100 -0.01563
13.31100 -0.01556
13.32100 -0.01549
13.33100 -0.01542
13.34100 -0.01535
13.35100 -0.01528
13.36100 -0.01521
13.37100 -0.01514
13.38100 -0.01507
13.39100 -0.01501
13.40100 -0.01494
13.41100 -0.01487
13.42100 -0.01480
13.43100 -0.01474
13.44100 -0.01467
13.45100 -0.01461
13.46100 -0.01454
13.47100 -0.01448
13.48100 -0.01441
13.49100 -0.01435
13.50100 -0.01428
13.51100 -0.01422
13.52100 -0.01415
13.53100 -0.01409
13.54100 -0.01403
13.55100 -0.01397
13.56100 -0.01390
13.57100 -0.01384
13.58100 -0.01378
13.59100 -0.01372
13.60100 -0.01366
13.61100 -0.01360
13.62100 -0.01354
13.63100 -0.01348
13.64100 -0.01342
13.65100 -0.01336
13.66100 -0.01330
13.67100 -0.01324
13.68100 -0.01318
13.69100 -0.01312
13.70100 -0.01307
13.71100 -0.01301
13.72100 -0.01295
13.73100 -0.01289
13.74100 -0.01284
13.75100 -0.01278
13.76100 -0.01272
13.77100 -0.01267
13.78100 -0.01261
13.79100 -0.01256
13.80100 -0.01250
13.81100 -0.01245
13.82100 -0.01239
13.83100 -0.01234
13.84100 -0.01229
13.85100 -0.01223
13.86100 -0.01218
13.87100 -0.01213
13.88100 -0.01207
13.89100 -0.01202
13.90100 -0.01197
13.91100 -0.01192
13.92100 -0.01186
13.93100 -0.01181
13.94100 -0.01176
13.95100 -0.01171
13.96100 -0.01166
13.97100 -0.01161
13.98100 -0.01156
13.99100 -0.01151
14.00100 -0.01146
14.01100 -0.01141
14.02100 -0.01136
14.03100 -0.01131
14.04100 -0.01126
14.05100 -0.01122
14.06100 -0.01117
14.07100 -0.01112
14.08100 -0.01107
14.09100 -0.01102
14.10100 -0.01098
14.11100 -0.01093
14.12100 -0.01088
14.13100 -0.01084
14.14100 -0.01079
14.15100 -0.01074
14.16100 -0.01070
14.17100 -0.01065
14.18100 -0.01061
14.19100 -0.01056
14.20100 -0.01052
14.21100 -0.01047
14.22100 -0.01043
14.23100 -0.01038
14.24100 -0.01034
14.25100 -0.01030
14.26100 -0.01025
14.27100 -0.01021
14.28100 -0.01017
14.29100 -0.01012
14.30100 -0.01008
14.31100 -0.01004
14.32100 -0.01000
14.33100 -0.00995
14.34100 -0.00991
14.35100 -0.00987
14.36100 -0.00983
14.37100 -0.00979
14.38100 -0.00975
14.39100 -0.00971
14.40100 -0.00966
14.41100 -0.00962
14.42100 -0.00958
14.43100 -0.00954
14.44100 -0.00950
14.45100 -0.00946
14.46100 -0.00942
14.47100 -0.00939
14.48100 -0.00935
14.49100 -0.00931
14.50100 -0.00927
14.51100 -0.00923
14.52100 -0.00919
14.53100 -0.00915
14.54100 -0.00912
14.55100 -0.00908
14.56100 -0.00904
14.57100 -0.00900
14.58100 -0.00897
14.59100 -0.00893
14.60100 -0.00889
14.61100 -0.00885
14.62100 -0.00882
14.63100 -0.00878
14.64100 -0.00875
14.65100 -0.00871
14.66100 -0.00867
14.67100 -0.00864
14.68100 -0.00860
14.69100 -0.00857
14.70100 -0.00853
14.71100 -0.00850
14.72100 -0.00846
14.73100 -0.00843
14.74100 -0.00839
14.75100 -0.00836
14.76100 -0.00832
14.77100 -0.00829
14.78100 -0.00826
14.79100 -0.00822
14.80100 -0.00819
14.81100 -0.00816
14.82100 -0.00812
14.83100 -0.00809
14.84100 -0.00806
14.85100 -0.00802
14.86100 -0.00799
14.87100 -0.00796
14.88100 -0.00793
14.89100 -0.00789
14.90100 -0.00786
14.91100 -0.00783
14.92100 -0.00780
14.93100 -0.00777
14.94100 -0.00774
14.95100 -0.00770
14.96100 -0.00767
14.97100 -0.00764
14.98100 -0.00761
14.99100 -0.00758
15.00100 -0.00755
15.01100 -0.00752
15.02100 -0.00749
15.03100 -0.00746
15.04100 -0.00743
15.05100 -0.00740
15.06100 -0.00737
15.07100 -0.00734
15.08100 -0.00731
15.09100 -0.00728
15.10100 -0.00725
15.11100 -0.00722
15.12100 -0.00720
15.13100 -0.00717
15.14100 -0.00714
15.15100 -0.00711
15.16100 -0.00708
15.17100 -0.00705
15.18100 -0.00703
15.19100 -0.00700
15.20100 -0.00697
15.21100 -0.00694
15.22100 -0.00691
15.23100 -0.00689
15.24100 -0.00686
15.25100 -0.00683
15.26100 -0.00681
15.27100 -0.00678
15.28100 -0.00675
15.29100 -0.00673
15.30100 -0.00670
15.31100 -0.00667
15.32100 -0.00665
15.33100 -0.00662
15.34100 -0.00659
15.35100 -0.00657
15.36100 -0.00654
15.37100 -0.00652
15.38100 -0.00649
15.39100 -0.00647
15.40100 -0.00644
15.41100 -0.00642
15.42100 -0.00639
15.43100 -0.00637
15.44100 -0.00634
15.45100 -0.00632
15.46100 -0.00629
15.47100 -0.00627
15.48100 -0.00624
15.49100 -0.00622
15.50100 -0.00619
15.51100 -0.00617
15.52100 -0.00615
15.53100 -0.00612
15.54100 -0.00610
15.55100 -0.00607
15.56100 -0.00605
15.57100 -0.00603
15.58100 -0.00600
15.59100 -0.00598
15.60100 -0.00596
15.61100 -0.00593
15.62100 -0.00591
15.63100 -0.00589
15.64100 -0.00587
15.65100 -0.00584
15.66100 -0.00582
15.67100 -0.00580
15.68100 -0.00578
15.69100 -0.00575
15.70100 -0.00573
15.71100 -0.00571
15.72100 -0.00569
15.73100 -0.00567
15.74100 -0.00564
15.75100 -0.00562
15.76100 -0.00560
15.77100 -0.00558
15.78100 -0.00556
15.79100 -0.00554
15.80100 -0.00552
15.81100 -0.00550
15.82100 -0.00547
15.83100 -0.00545
15.84100 -0.00543
15.85100 -0.00541
15.86100 -0.00539
15.87100 -0.00537
15.88100 -0.00535
15.89100 -0.00533
15.90100 -0.00531
15.91100 -0.00529
15.92100 -0.00527
15.93100 -0.00525
15.94100 -0.00523
15.95100 -0.00521
15.96100 -0.00519
15.97100 -0.00517
15.98100 -0.00515
15.99100 -0.00513
16.00100 -0.00511
16.01100 -0.00509
16.02100 -0.00507
16.03100 -0.00506
16.04100 -0.00504
16.05100 -0.00502
16.06100 -0.00500
16.07100 -0.00498
16.08100 -0.00496
16.09100 -0.00494
16.10100 -0.00492
16.11100 -0.00491
16.12100 -0.00489
16.13100 -0.00487
16.14100 -0.00485
16.15100 -0.00483
16.16100 -0.00481
16.17100 -0.00480
16.18100 -0.00478
16.19100 -0.00476
16.20100 -0.00474
16.21100 -0.00473
16.22100 -0.00471
16.23100 -0.00469
16.24100 -0.00467
16.25100 -0.00466
16.26100 -0.00464
16.27100 -0.00462
16.28100 -0.00460
16.29100 -0.00459
16.30100 -0.00457
16.31100 -0.00455
16.32100 -0.00454
16.33100 -0.00452
16.34100 -0.00450
16.35100 -0.00449
16.36100 -0.00447
16.37100 -0.00445
16.38100 -0.00444
16.39100 -0.00442
16.40100 -0.00440
16.41100 -0.00439
16.42100 -0.00437
16.43100 -0.00436
16.44100 -0.00434
16.45100 -0.00432
16.46100 -0.00431
16.47100 -0.00429
16.48100 -0.00428
16.49100 -0.00426
16.50100 -0.00425
16.51100 -0.00423
16.52100 -0.00422
16.53100 -0.00420
16.54100 -0.00418
16.55100 -0.00417
16.56100 -0.00415
16.57100 -0.00414
16.58100 -0.00412
16.59100 -0.00411
16.60100 -0.00409
16.61100 -0.00408
16.62100 -0.00406
16.63100 -0.00405
16.64100 -0.00404
16.65100 -0.00402
16.66100 -0.00401
16.67100 -0.00399
16.68100 -0.00398
16.69100 -0.00396
16.70100 -0.00395
16.71100 -0.00393
16.72100 -0.00392
16.73100 -0.00391
16.74100 -0.00389
16.75100 -0.00388
16.76100 -0.00386
16.77100 -0.00385
16.78100 -0.00384
16.79100 -0.00382
16.80100 -0.00381
16.81100 -0.00380
16.82100 -0.00378
16.83100 -0.00377
16.84100 -0.00375
16.85100 -0.00374
16.86100 -0.00373
16.87100 -0.00371
16.88100 -0.00370
16.89100 -0.00369
16.90100 -0.00367
16.91100 -0.00366
16.92100 -0.00365
16.93100 -0.00364
16.94100 -0.00362
16.95100 -0.00361
16.96100 -0.00360
16.97100 -0.00358
16.98100 -0.00357
16.99100 -0.00356
17.00100 -0.00355
17.01100 -0.00353
17.02100 -0.00352
17.03100 -0.00351
17.04100 -0.00350
17.05100 -0.00348
17.06100 -0.00347
17.07100 -0.00346
17.08100 -0.00345
17.09100 -0.00343
17.10100 -0.00342
17.11100 -0.00341
17.12100 -0.00340
17.13100 -0.00339
17.14100 -0.00337
17.15100 -0.00336
17.16100 -0.00335
17.17100 -0.00334
17.18100 -0.00333
17.19100 -0.00332
17.20100 -0.00330
17.21100 -0.00329
17.22100 -0.00328
17.23100 -0.00327
17.24100 -0.00326
17.25100 -0.00325
17.26100 -0.00324
17.27100 -0.00322
17.28100 -0.00321
17.29100 -0.00320
17.30100 -0.00319
17.31100 -0.00318
17.32100 -0.00317
17.33100 -0.00316
17.34100 -0.00315
17.35100 -0.00314
17.36100 -0.00313
17.37100 -0.00311
17.38100 -0.00310
17.39100 -0.00309
17.40100 -0.00308
17.41100 -0.00307
17.42100 -0.00306
17.43100 -0.00305
17.44100 -0.00304
17.45100 -0.00303
17.46100 -0.00302
17.47100 -0.00301
17.48100 -0.00300
17.49100 -0.00299
17.50100 -0.00298
17.51100 -0.00297
17.52100 -0.00296
17.53100 -0.00295
17.54100 -0.00294
17.55100 -0.00293
17.56100 -0.00292
17.57100 -0.00291
17.58100 -0.00290
17.59100 -0.00289
17.60100 -0.00288
17.61100 -0.00287
17.62100 -0.00286
17.63100 -0.00285
17.64100 -0.00284
17.65100 -0.00283
17.66100 -0.00282
17.67100 -0.00281
17.68100 -0.00280
17.69100 -0.00279
17.70100 -0.00278
17.71100 -0.00277
17.72100 -0.00276
17.73100 -0.00275
17.74100 -0.00274
17.75100 -0.00273
17.76100 -0.00272
17.77100 -0.00271
17.78100 -0.00271
17.79100 -0.00270
17.80100 -0.00269
17.81100 -0.00268
17.82100 -0.00267
17.83100 -0.00266
17.84100 -0.00265
17.85100 -0.00264
17.86100 -0.00263
17.87100 -0.00262
17.88100 -0.00262
17.89100 -0.00261
17.90100 -0.00260
17.91100 -0.00259
17.92100 -0.00258
17.93100 -0.00257
17.94100 -0.00256
17.95100 -0.00255
17.96100 -0.00255
17.97100 -0.00254
17.98100 -0.00253
17.99100 -0.00252
18.00100 -0.00251
18.01100 -0.00250
18.02100 -0.00250
18.03100 -0.00249
18.04100 -0.00248
18.05100 -0.00247
18.06100 -0.00246
18.07100 -0.00245
18.08100 -0.00245
18.09100 -0.00244
18.10100 -0.00243
18.11100 -0.00242
18.12100 -0.00241
18.13100 -0.00241
18.14100 -0.00240
18.15100 -0.00239
18.16100 -0.00238
18.17100 -0.00237
18.18100 -0.00237
18.19100 -0.00236
18.20100 -0.00235
18.21100 -0.00234
18.22100 -0.00233
18.23100 -0.00233
18.24100 -0.00232
18.25100 -0.00231
18.26100 -0.00230
18.27100 -0.00230
18.28100 -0.00229
18.29100 -0.00228
18.30100 -0.00227
18.31100 -0.00227
18.32100 -0.00226
18.33100 -0.00225
18.34100 -0.00224
18.35100 -0.00224
18.36100 -0.00223
18.37100 -0.00222
18.38100 -0.00221
18.39100 -0.00221
18.40100 -0.00220
18.41100 -0.00219
18.42100 -0.00219
18.43100 -0.00218
18.44100 -0.00217
18.45100 -0.00216
18.46100 -0.00216
18.47100 -0.00215
18.48100 -0.00214
18.49100 -0.00214
18.50100 -0.00213
18.51100 -0.00212
18.52100 -0.00212
18.53100 -0.00211
18.54100 -0.00210
18.55100 -0.00210
18.56100 -0.00209
18.57100 -0.00208
18.58100 -0.00207
18.59100 -0.00207
18.60100 -0.00206
18.61100 -0.00205
18.62100 -0.00205
18.63100 -0.00204
18.64100 -0.00203
18.65100 -0.00203
18.66100 -0.00202
18.67100 -0.00202
18.68100 -0.00201
18.69100 -0.00200
18.70100 -0.00200
18.71100 -0.00199
18.72100 -0.00198
18.73100 -0.00198
18.74100 -0.00197
18.75100 -0.00196
18.76100 -0.00196
18.77100 -0.00195
18.78100 -0.00195
18.79100 -0.00194
18.80100 -0.00193
18.81100 -0.00193
18.82100 -0.00192
18.83100 -0.00191
18.84100 -0.00191
18.85100 -0.00190
18.86100 -0.00190
18.87100 -0.00189
18.88100 -0.00188
18.89100 -0.00188
18.90100 -0.00187
18.91100 -0.00187
18.92100 -0.00186
18.93100 -0.00185
18.94100 -0.00185
18.95100 -0.00184
18.96100 -0.00184
18.97100 -0.00183
18.98100 -0.00182
18.99100 -0.00182
19.00100 -0.00181
19.01100 -0.00181
19.02100 -0.00180
19.03100 -0.00180
19.04100 -0.00179
19.05100 -0.00178
19.06100 -0.00178
19.07100 -0.00177
19.08100 -0.00177
19.09100 -0.00176
19.10100 -0.00176
19.11100 -0.00175
19.12100 -0.00175
19.13100 -0.00174
19.14100 -0.00173
19.15100 -0.00173
19.16100 -0.00172
19.17100 -0.00172
19.18100 -0.00171
19.19100 -0.00171
19.20100 -0.00170
19.21100 -0.00170
19.22100 -0.00169
19.23100 -0.00169
19.24100 -0.00168
19.25100 -0.00168
19.26100 -0.00167
19.27100 -0.00167
19.28100 -0.00166
19.29100 -0.00166
19.30100 -0.00165
19.31100 -0.00164
19.32100 -0.00164
19.33100 -0.00163
19.34100 -0.00163
19.35100 -0.00162
19.36100 -0.00162
19.37100 -0.00161
19.38100 -0.00161
19.39100 -0.00160
19.40100 -0.00160
19.41100 -0.00159
19.42100 -0.00159
19.43100 -0.00158
19.44100 -0.00158
19.45100 -0.00157
19.46100 -0.00157
19.47100 -0.00156
19.48100 -0.00156
19.49100 -0.00156
19.50100 -0.00155
19.51100 -0.00155
19.52100 -0.00154
19.53100 -0.00154
19.54100 -0.00153
19.55100 -0.00153
19.56100 -0.00152
19.57100 -0.00152
19.58100 -0.00151
19.59100 -0.00151
19.60100 -0.00150
19.61100 -0.00150
19.62100 -0.00149
19.63100 -0.00149
19.64100 -0.00149
19.65100 -0.00148
19.66100 -0.00148
19.67100 -0.00147
19.68100 -0.00147
19.69100 -0.00146
19.70100 -0.00146
19.71100 -0.00145
19.72100 -0.00145
19.73100 -0.00144
19.74100 -0.00144
19.75100 -0.00144
19.76100 -0.00143
19.77100 -0.00143
19.78100 -0.00142
19.79100 -0.00142
19.80100 -0.00141
19.81100 -0.00141
19.82100 -0.00141
19.83100 -0.00140
19.84100 -0.00140
19.85100 -0.00139
19.86100 -0.00139
19.87100 -0.00138
19.88100 -0.00138
19.89100 -0.00138
19.90100 -0.00137
19.91100 -0.00137
19.92100 -0.00136
19.93100 -0.00136
19.94100 -0.00136
19.95100 -0.00135
19.96100 -0.00135
19.97100 -0.00134
19.98100 -0.00134
19.99100 -0.00134
20.00100 -0.00133
20.01100 -0.00133
20.02100 -0.00132
20.03100 -0.00132
20.04100 -0.00132
20.05100 -0.00131
20.06100 -0.00131
20.07100 -0.00130
20.08100 -0.00130
20.09100 -0.00130
20.10100 -0.00129
20.11100 -0.00129
20.12100 -0.00128
20.13100 -0.00128
20.14100 -0.00128
20.15100 -0.00127
20.16100 -0.00127
20.17100 -0.00127
20.18100 -0.00126
20.19100 -0.00126
20.20100 -0.00125
20.21100 -0.00125
20.22100 -0.00125
20.23100 -0.00124
20.24100 -0.00124
20.25100 -0.00124
20.26100 -0.00123
20.27100 -0.00123
20.28100 -0.00122
20.29100 -0.00122
20.30100 -0.00122
20.31100 -0.00121
20.32100 -0.00121
20.33100 -0.00121
20.34100 -0.00120
20.35100 -0.00120
20.36100 -0.00120
20.37100 -0.00119
20.38100 -0.00119
20.39100 -0.00118
20.40100 -0.00118
20.41100 -0.00118
20.42100 -0.00117
20.43100 -0.00117
20.44100 -0.00117
20.45100 -0.00116
20.46100 -0.00116
20.47100 -0.00116
20.48100 -0.00115
20.49100 -0.00115
20.50100 -0.00115
20.51100 -0.00114
20.52100 -0.00114
20.53100 -0.00114
20.54100 -0.00113
20.55100 -0.00113
20.56100 -0.00113
20.57100 -0.00112
20.58100 -0.00112
20.59100 -0.00112
20.60100 -0.00111
20.61100 -0.00111
20.62100 -0.00111
20.63100 -0.00110
20.64100 -0.00110
20.65100 -0.00110
20.66100 -0.00109
20.67100 -0.00109
20.68100 -0.00109
20.69100 -0.00109
20.70100 -0.00108
20.71100 -0.00108
20.72100 -0.00108
20.73100 -0.00107
20.74100 -0.00107
20.75100 -0.00107
20.76100 -0.00106
20.77100 -0.00106
20.78100 -0.00106
20.79100 -0.00105
20.80100 -0.00105
20.81100 -0.00105
20.82100 -0.00105
20.83100 -0.00104
20.84100 -0.00104
20.85100 -0.00104
20.86100 -0.00103
20.87100 -0.00103
20.88100 -0.00103
20.89100 -0.00102
20.90100 -0.00102
20.91100 -0.00102
20.92100 -0.00102
20.93100 -0.00101
20.94100 -0.00101
20.95100 -0.00101
20.96100 -0.00100
20.97100 -0.00100
20.98100 -0.00100
20.99100 -0.00100
21.00100 -0.00099
21.01100 -0.00099
21.02100 -0.00099
21.03100 -0.00098
21.04100 -0.00098
21.05100 -0.00098
21.06100 -0.00098
21.07100 -0.00097
21.08100 -0.00097
21.09100 -0.00097
21.10100 -0.00096
21.11100 -0.00096
21.12100 -0.00096
21.13100 -0.00096
21.14100 -0.00095
21.15100 -0.00095
21.16100 -0.00095
21.17100 -0.00095
21.18100 -0.00094
21.19100 -0.00094
21.20100 -0.00094
21.21100 -0.00093
21.22100 -0.00093
21.23100 -0.00093
21.24100 -0.00093
21.25100 -0.00092
21.26100 -0.00092
21.27100 -0.00092
21.28100 -0.00092
21.29100 -0.00091
21.30100 -0.00091
21.31100 -0.00091
21.32100 -0.00091
21.33100 -0.00090
21.34100 -0.00090
21.35100 -0.00090
21.36100 -0.00090
21.37100 -0.00089
21.38100 -0.00089
21.39100 -0.00089
21.40100 -0.00089
21.41100 -0.00088
21.42100 -0.00088
21.43100 -0.00088
21.44100 -0.00088
21.45100 -0.00087
21.46100 -0.00087
21.47100 -0.00087
21.48100 -0.00087
21.49100 -0.00086
21.50100 -0.00086
21.51100 -0.00086
21.52100 -0.00086
21.53100 -0.00085
21.54100 -0.00085
21.55100 -0.00085
21.56100 -0.00085
21.57100 -0.00084
21.58100 -0.00084
21.59100 -0.00084
21.60100 -0.00084
21.61100 -0.00084
21.62100 -0.00083
21.63100 -0.00083
21.64100 -0.00083
21.65100 -0.00083
21.66100 -0.00082
21.67100 -0.00082
21.68100 -0.00082
21.69100 -0.00082
21.70100 -0.00081
21.71100 -0.00081
21.72100 -0.00081
21.73100 -0.00081
21.74100 -0.00081
21.75100 -0.00080
21.76100 -0.00080
21.77100 -0.00080
21.78100 -0.00080
21.79100 -0.00079
21.80100 -0.00079
21.81100 -0.00079
21.82100 -0.00079
21.83100 -0.00079
21.84100 -0.00078
21.85100 -0.00078
21.86100 -0.00078
21.87100 -0.00078
21.88100 -0.00077
21.89100 -0.00077
21.90100 -0.00077
21.91100 -0.00077
21.92100 -0.00077
21.93100 -0.00076
21.94100 -0.00076
21.95100 -0.00076
21.96100 -0.00076
21.97100 -0.00076
21.98100 -0.00075
21.99100 -0.00075
22.00100 -0.00075
22.01100 -0.00075
22.02100 -0.00075
22.03100 -0.00074
22.04100 -0.00074
22.05100 -0.00074
22.06100 -0.00074
22.07100 -0.00074
22.08100 -0.00073
22.09100 -0.00073
22.10100 -0.00073
22.11100 -0.00073
22.12100 -0.00073
22.13100 -0.00072
22.14100 -0.00072
22.15100 -0.00072
22.16100 -0.00072
22.17100 -0.00072
22.18100 -0.00071
22.19100 -0.00071
22.20100 -0.00071
22.21100 -0.00071
22.22100 -0.00071
22.23100 -0.00070
22.24100 -0.00070
22.25100 -0.00070
22.26100 -0.00070
22.27100 -0.00070
22.28100 -0.00069
22.29100 -0.00069
22.30100 -0.00069
22.31100 -0.00069
22.32100 -0.00069
22.33100 -0.00069
22.34100 -0.00068
22.35100 -0.00068
22.36100 -0.00068
22.37100 -0.00068
22.38100 -0.00068
22.39100 -0.00067
22.40100 -0.00067
22.41100 -0.00067
22.42100 -0.00067
22.43100 -0.00067
22.44100 -0.00067
22.45100 -0.00066
22.46100 -0.00066
22.47100 -0.00066
22.48100 -0.00066
22.49100 -0.00066
22.50100 -0.00065
22.51100 -0.00065
22.52100 -0.00065
22.53100 -0.00065
22.54100 -0.00065
22.55100 -0.00065
22.56100 -0.00064
22.57100 -0.00064
22.58100 -0.00064
22.59100 -0.00064
22.60100 -0.00064
22.61100 -0.00064
22.62100 -0.00063
22.63100 -0.00063
22.64100 -0.00063
22.65100 -0.00063
22.66100 -0.00063
22.67100 -0.00063
22.68100 -0.00062
22.69100 -0.00062
22.70100 -0.00062
22.71100 -0.00062
22.72100 -0.00062
22.73100 -0.00062
22.74100 -0.00061
22.75100 -0.00061
22.76100 -0.00061
22.77100 -0.00061
22.78100 -0.00061
22.79100 -0.00061
22.80100 -0.00060
22.81100 -0.00060
22.82100 -0.00060
22.83100 -0.00060
22.84100 -0.00060
22.85100 -0.00060
22.86100 -0.00060
22.87100 -0.00059
22.88100 -0.00059
22.89100 -0.00059
22.90100 -0.00059
22.91100 -0.00059
22.92100 -0.00059
22.93100 -0.00058
22.94100 -0.00058
22.95100 -0.00058
22.96100 -0.00058
22.97100 -0.00058
22.98100 -0.00058
22.99100 -0.00058
23.00100 -0.00057
23.01100 -0.00057
23.02100 -0.00057
23.03100 -0.00057
23.04100 -0.00057
23.05100 -0.00057
23.06100 -0.00056
23.07100 -0.00056
23.08100 -0.00056
23.09100 -0.00056
23.10100 -0.00056
23.11100 -0.00056
23.12100 -0.00056
23.13100 -0.00055
23.14100 -0.00055
23.15100 -0.00055
23.16100 -0.00055
23.17100 -0.00055
23.18100 -0.00055
23.19100 -0.00055
23.20100 -0.00054
23.21100 -0.00054
23.22100 -0.00054
23.23100 -0.00054
23.24100 -0.00054
23.25100 -0.00054
23.26100 -0.00054
23.27100 -0.00053
23.28100 -0.00053
23.29100 -0.00053
23.30100 -0.00053
23.31100 -0.00053
23.32100 -0.00053
23.33100 -0.00053
23.34100 -0.00053
23.35100 -0.00052
23.36100 -0.00052
23.37100 -0.00052
23.38100 -0.00052
23.39100 -0.00052
23.40100 -0.00052
23.41100 -0.00052
23.42100 -0.00051
23.43100 -0.00051
23.44100 -0.00051
23.45100 -0.00051
23.46100 -0.00051
23.47100 -0.00051
23.48100 -0.00051
23.49100 -0.00051
23.50100 -0.00050
23.51100 -0.00050
23.52100 -0.00050
23.53100 -0.00050
23.54100 -0.00050
23.55100 -0.00050
23.56100 -0.00050
23.57100 -0.00050
23.58100 -0.00049
23.59100 -0.00049
23.60100 -0.00049
23.61100 -0.00049
23.62100 -0.00049
23.63100 -0.00049
23.64100 -0.00049
23.65100 -0.00049
23.66100 -0.00048
23.67100 -0.00048
23.68100 -0.00048
23.69100 -0.00048
23.70100 -0.00048
23.71100 -0.00048
23.72100 -0.00048
23.73100 -0.00048
23.74100 -0.00047
23.75100 -0.00047
23.76100 -0.00047
23.77100 -0.00047
23.78100 -0.00047
23.79100 -0.00047
23.80100 -0.00047
23.81100 -0.00047
23.82100 -0.00046
23.83100 -0.00046
23.84100 -0.00046
23.85100 -0.00046
23.86100 -0.00046
23.87100 -0.00046
23.88100 -0.00046
23.89100 -0.00046
23.90100 -0.00046
23.91100 -0.00045
23.92100 -0.00045
23.93100 -0.00045
23.94100 -0.00045
23.95100 -0.00045
23.96100 -0.00045
23.97100 -0.00045
23.98100 -0.00045
23.99100 -0.00045
24.00100 -0.00044
24.01100 -0.00044
24.02100 -0.00044
24.03100 -0.00044
24.04100 -0.00044
24.05100 -0.00044
24.06100 -0.00044
24.07100 -0.00044
24.08100 -0.00044
24.09100 -0.00043
24.10100 -0.00043
24.11100 -0.00043
24.12100 -0.00043
24.13100 -0.00043
24.14100 -0.00043
24.15100 -0.00043
24.16100 -0.00043
24.17100 -0.00043
24.18100 -0.00042
24.19100 -0.00042
24.20100 -0.00042
24.21100 -0.00042
24.22100 -0.00042
24.23100 -0.00042
24.24100 -0.00042
24.25100 -0.00042
24.26100 -0.00042
24.27100 -0.00042
24.28100 -0.00041
24.29100 -0.00041
24.30100 -0.00041
24.31100 -0.00041
24.32100 -0.00041
24.33100 -0.00041
24.34100 -0.00041
24.35100 -0.00041
24.36100 -0.00041
24.37100 -0.00041
24.38100 -0.00040
24.39100 -0.00040
24.40100 -0.00040
24.41100 -0.00040
24.42100 -0.00040
24.43100 -0.00040
24.44100 -0.00040
24.45100 -0.00040
24.46100 -0.00040
24.47100 -0.00040
24.48100 -0.00039
24.49100 -0.00039
24.50100 -0.00039
24.51100 -0.00039
24.52100 -0.00039
24.53100 -0.00039
24.54100 -0.00039
24.55100 -0.00039
24.56100 -0.00039
24.57100 -0.00039
24.58100 -0.00038
24.59100 -0.00038
24.60100 -0.00038
24.61100 -0.00038
24.62100 -0.00038
24.63100 -0.00038
24.64100 -0.00038
24.65100 -0.00038
24.66100 -0.00038
24.67100 -0.00038
24.68100 -0.00038
24.69100 -0.00037
24.70100 -0.00037
24.71100 -0.00037
24.72100 -0.00037
24.73100 -0.00037
24.74100 -0.00037
24.75100 -0.00037
24.76100 -0.00037
24.77100 -0.00037
24.78100 -0.00037
24.79100 -0.00037
24.80100 -0.00036
24.81100 -0.00036
24.82100 -0.00036
24.83100 -0.00036
24.84100 -0.00036
24.85100 -0.00036
24.86100 -0.00036
24.87100 -0.00036
24.88100 -0.00036
24.89100 -0.00036
24.90100 -0.00036
24.91100 -0.00036
24.92100 -0.00035
24.93100 -0.00035
24.94100 -0.00035
24.95100 -0.00035
24.96100 -0.00035
24.97100 -0.00035
24.98100 -0.00035
24.99100 -0.00035
