0.001000 -24.134345
0.011000 -24.134345
0.021000 -24.134350
0.031000 -24.134366
0.041000 -24.134403
0.051000 -24.134466
0.061000 -24.036274
0.071000 -24.036415
0.081000 -24.036606
0.091000 -24.036854
0.101000 -24.037167
0.111000 -24.037553
0.121000 -24.038019
0.131000 -24.038573
0.141000 -24.039223
0.151000 -24.039975
0.161000 -24.139128
0.171000 -24.140109
0.181000 -24.141215
0.191000 -24.142455
0.201000 -24.143835
0.211000 -24.145364
0.221000 -24.147049
0.231000 -24.148897
0.241000 -24.150916
0.251000 -24.153114
0.261000 -24.155497
0.271000 -24.158075
0.281000 -24.160854
0.291000 -24.163842
0.301000 -24.167046
0.311000 -24.170474
0.321000 -24.174134
0.331000 -24.178033
0.341000 -24.182178
0.351000 -24.186578
0.361000 -24.191240
0.371000 -24.196171
0.381000 -24.201379
0.391000 -24.206872
0.401000 -24.212656
0.411000 -24.218741
0.421000 -24.225133
0.431000 -24.231839
0.441000 -24.238868
0.451000 -24.246227
0.461000 -24.253923
0.471000 -24.261964
0.481000 -24.270358
0.491000 -24.279113
0.501000 -24.288235
0.511000 -24.297732
0.521000 -24.307613
0.531000 -24.317884
0.541000 -24.328552
0.551000 -24.339627
0.561000 -24.351115
0.571000 -24.363023
0.581000 -24.375360
0.591000 -24.388133
0.601000 -24.401349
0.611000 -24.415016
0.621000 -24.429142
0.631000 -24.443734
0.641000 -24.458800
0.651000 -24.474347
0.661000 -24.490382
0.671000 -24.506915
0.681000 -24.523951
0.691000 -24.541499
0.701000 -24.559566
0.711000 -24.578160
0.721000 -24.597288
0.731000 -24.616958
0.741000 -24.637177
0.751000 -24.657953
0.761000 -24.679294
0.771000 -24.701207
0.781000 -24.723699
0.791000 -24.746779
0.801000 -24.770454
0.811000 -24.794731
0.821000 -24.819618
0.831000 -24.845123
0.841000 -24.871252
0.851000 -24.898014
0.861000 -24.925417
0.871000 -24.953467
0.881000 -24.982173
0.891000 -25.011541
0.901000 -25.041580
0.911000 -25.072298
0.921000 -25.103700
0.931000 -25.135796
0.941000 -25.168593
0.951000 -25.202098
0.961000 -25.236319
0.971000 -25.271263
0.981000 -25.306939
0.991000 -25.343353
1.001000 -25.380513
1.011000 -25.418427
1.021000 -25.457102
1.031000 -25.496546
1.041000 -25.536767
1.051000 -25.577771
1.061000 -25.619568
1.071000 -25.662163
1.081000 -25.705565
1.091000 -25.749781
1.101000 -25.794819
1.111000 -25.840687
1.121000 -25.887391
1.131000 -25.934940
1.141000 -25.983342
1.151000 -26.032602
1.161000 -26.082731
1.171000 -26.133734
1.181000 -26.185619
1.191000 -26.238394
1.201000 -26.292067
1.211000 -26.346645
1.221000 -26.402135
1.231000 -26.458546
1.241000 -26.515885
1.251000 -26.574159
1.261000 -26.633376
1.271000 -26.693543
1.281000 -26.754668
1.291000 -26.816759
1.301000 -26.879824
1.311000 -26.943869
1.321000 -27.008902
1.331000 -27.074931
1.341000 -27.141964
1.351000 -27.210008
1.361000 -27.279070
1.371000 -27.349159
1.381000 -27.420281
1.391000 -27.492445
1.401000 -27.565657
1.411000 -27.639926
1.421000 -27.715259
1.431000 -27.791664
1.441000 -27.869147
1.451000 -27.947718
1.461000 -28.027382
1.471000 -28.108149
1.481000 -28.190025
1.491000 -28.273018
1.501000 -28.357135
1.511000 -28.442385
1.521000 -28.528774
1.531000 -28.616310
1.541000 -28.705002
1.551000 -28.794855
1.561000 -28.885879
1.571000 -28.978080
1.581000 -29.071467
1.591000 -29.166046
1.601000 -29.261825
1.611000 -29.358812
1.621000 -29.457014
1.631000 -29.556439
1.641000 -29.657095
1.651000 -29.758989
1.661000 -29.862129
1.671000 -29.966521
1.681000 -30.072175
1.691000 -30.179096
1.701000 -30.287294
1.711000 -30.396775
1.721000 -30.507548
1.731000 -30.619618
1.741000 -30.732995
1.751000 -30.847686
1.761000 -30.963698
1.771000 -31.081039
1.781000 -31.199716
1.791000 -31.319738
1.801000 -31.441111
1.811000 -31.563843
1.821000 -31.687942
1.831000 -31.813415
1.841000 -31.940270
1.851000 -32.068514
1.861000 -32.198156
1.871000 -32.329202
1.881000 -32.461660
1.891000 -32.595537
1.901000 -32.730842
1.911000 -32.867582
1.921000 -33.005765
1.931000 -33.145397
1.941000 -33.286486
1.951000 -33.429041
1.961000 -33.573069
1.971000 -33.718576
1.981000 -33.865572
1.991000 -34.014063
2.001000 -34.164057
2.011000 -34.315561
2.021000 -34.468583
2.031000 -34.623131
2.041000 -34.779213
2.051000 -34.936835
2.061000 -35.096005
2.071000 -35.256731
2.081000 -35.419021
2.091000 -35.484591
2.101000 -35.650031
2.111000 -35.817056
2.121000 -35.985675
2.131000 -36.155896
2.141000 -36.327726
2.151000 -36.501171
2.161000 -36.676241
2.171000 -36.852943
2.181000 -37.031284
2.191000 -37.211271
2.201000 -37.392913
2.211000 -37.576216
2.221000 -37.761189
2.231000 -37.947839
2.241000 -38.136174
2.251000 -38.326201
2.261000 -38.517927
2.271000 -38.711361
2.281000 -38.906509
2.291000 -39.103380
2.301000 -39.301981
2.311000 -39.502319
2.321000 -39.704402
2.331000 -39.908238
2.341000 -40.113835
2.351000 -40.321199
2.361000 -40.530338
2.371000 -40.741261
2.381000 -40.953974
2.391000 -41.168485
2.401000 -41.384802
2.411000 -41.602931
2.421000 -41.822882
2.431000 -42.044661
2.441000 -42.268276
2.451000 -42.493735
2.461000 -42.721045
2.471000 -42.950215
2.481000 -43.181253
2.491000 -43.414173
2.501000 -43.648987
2.511000 -43.885721
2.521000 -44.124411
2.531000 -44.365117
2.541000 -44.607938
2.551000 -44.853029
2.561000 -45.100629
2.571000 -45.351095
2.581000 -45.604936
2.591000 -45.862862
2.601000 -46.125818
2.611000 -46.395031
2.621000 -46.672031
2.631000 -46.958671
2.641000 -47.257122
2.651000 -47.569843
2.661000 -47.899529
2.671000 -48.249033
2.681000 -48.621267
2.691000 -49.019082
2.701000 -49.445140
2.711000 -49.901781
2.721000 -50.390894
2.731000 -50.913801
2.741000 -51.471165
2.751000 -52.062913
2.761000 -52.688201
2.771000 -53.345398
2.781000 -54.032108
2.791000 -54.745218
2.801000 -55.480971
2.811000 -56.235061
2.821000 -57.002737
2.831000 -57.778926
2.841000 -58.558350
2.851000 -59.335651
2.861000 -60.105499
2.871000 -60.862707
2.881000 -61.602314
2.891000 -62.319679
2.901000 -63.010524
2.911000 -63.671009
2.921000 -64.297749
2.931000 -64.887839
2.941000 -65.438864
2.951000 -65.948893
2.961000 -66.416468
2.971000 -66.840578
2.981000 -67.220635
2.991000 -67.556445
3.001000 -67.848163
3.011000 -68.096263
3.021000 -68.301497
3.031000 -68.464856
3.041000 -68.587537
3.051000 -68.670902
3.061000 -68.716453
3.071000 -68.725790
3.081000 -68.700590
3.091000 -68.642588
3.101000 -68.553538
3.111000 -68.435209
3.121000 -68.289364
3.131000 -68.117736
3.141000 -67.922030
3.151000 -67.703905
3.161000 -67.464968
3.171000 -67.206768
3.181000 -66.930791
3.191000 -66.638455
3.201000 -66.331113
3.211000 -66.010048
3.221000 -65.676472
3.231000 -65.331531
3.241000 -64.976301
3.251000 -64.611794
3.261000 -64.238958
3.271000 -63.858679
3.281000 -63.471784
3.291000 -63.079043
3.301000 -62.681175
3.311000 -62.278845
3.321000 -61.872674
3.331000 -61.463232
3.341000 -61.051053
3.351000 -60.636627
3.361000 -60.220407
3.371000 -59.802812
3.381000 -59.384230
3.391000 -58.965016
3.401000 -58.545497
3.411000 -58.125976
3.421000 -57.706730
3.431000 -57.288013
3.441000 -56.870060
3.451000 -56.453085
3.461000 -56.037283
3.471000 -55.622837
3.481000 -55.209909
3.491000 -54.798649
3.501000 -54.389197
3.511000 -53.981675
3.521000 -53.576197
3.531000 -53.172868
3.541000 -52.771781
3.551000 -52.373020
3.561000 -51.976663
3.571000 -51.582778
3.581000 -51.191428
3.591000 -50.802669
3.601000 -50.416548
3.611000 -50.033112
3.621000 -49.652398
3.631000 -49.274442
3.641000 -48.899272
3.651000 -48.526914
3.661000 -48.157391
3.671000 -47.790721
3.681000 -47.426919
3.691000 -47.065997
3.701000 -46.707965
3.711000 -46.352830
3.721000 -46.000597
3.731000 -45.651267
3.741000 -45.304841
3.751000 -44.961318
3.761000 -44.620694
3.771000 -44.282964
3.781000 -43.948123
3.791000 -43.616161
3.801000 -43.287071
3.811000 -42.960841
3.821000 -42.637461
3.831000 -42.316919
3.841000 -41.999199
3.851000 -41.684290
3.861000 -41.372176
3.871000 -41.062841
3.881000 -40.756268
3.891000 -40.452442
3.901000 -40.151345
3.911000 -39.852958
3.921000 -39.557263
3.931000 -39.264241
3.941000 -38.973874
3.951000 -38.686141
3.961000 -38.401023
3.971000 -38.118500
3.981000 -37.838550
3.991000 -37.561155
4.001000 -37.286292
4.011000 -37.013941
4.021000 -36.744080
4.031000 -36.476690
4.041000 -36.211748
4.051000 -35.949232
4.061000 -35.689123
4.071000 -35.431397
4.081000 -35.176034
4.091000 -34.923012
4.101000 -34.672309
4.111000 -34.423905
4.121000 -34.177778
4.131000 -33.933905
4.141000 -33.692267
4.151000 -33.452841
4.161000 -33.215606
4.171000 -32.980543
4.181000 -32.747628
4.191000 -32.516841
4.201000 -32.288162
4.211000 -32.061569
4.221000 -31.837043
4.231000 -31.614562
4.241000 -31.394106
4.251000 -31.175656
4.261000 -30.959190
4.271000 -30.744689
4.281000 -30.532133
4.291000 -30.321502
4.301000 -30.112777
4.311000 -29.905939
4.321000 -29.700968
4.331000 -29.497844
4.341000 -29.296550
4.351000 -29.097066
4.361000 -28.899375
4.371000 -28.703456
4.381000 -28.509293
4.391000 -28.316866
4.401000 -28.126159
4.411000 -27.937153
4.421000 -27.749831
4.431000 -27.564175
4.441000 -27.380168
4.451000 -27.197793
4.461000 -27.017033
4.471000 -26.837871
4.481000 -26.660290
4.491000 -26.484275
4.501000 -26.309809
4.511000 -26.136875
4.521000 -25.965459
4.531000 -25.795543
4.541000 -25.627113
4.551000 -25.460153
4.561000 -25.294648
4.571000 -25.130582
4.581000 -24.967942
4.591000 -24.806711
4.601000 -24.646875
4.611000 -24.488421
4.621000 -24.331333
4.631000 -24.175597
4.641000 -24.021200
4.651000 -23.868127
4.661000 -23.716364
4.671000 -23.565900
4.681000 -23.416719
4.691000 -23.268808
4.701000 -23.122156
4.711000 -22.976747
4.721000 -22.832571
4.731000 -22.689613
4.741000 -22.547862
4.751000 -22.407306
4.761000 -22.267931
4.771000 -22.129727
4.781000 -21.992680
4.791000 -21.856779
4.801000 -21.722012
4.811000 -21.588369
4.821000 -21.455836
4.831000 -21.324404
4.841000 -21.194061
4.851000 -21.064795
4.861000 -20.936597
4.871000 -20.809454
4.881000 -20.683357
4.891000 -20.558295
4.901000 -20.434258
4.911000 -20.311234
4.921000 -20.189215
4.931000 -20.068189
4.941000 -19.948148
4.951000 -19.829080
4.961000 -19.710977
4.971000 -19.593829
4.981000 -19.477626
4.991000 -19.362358
5.001000 -19.248017
5.011000 -19.134594
5.021000 -19.022079
5.031000 -18.910463
5.041000 -18.799737
5.051000 -18.689893
5.061000 -18.580922
5.071000 -18.472815
5.081000 -18.365564
5.091000 -18.259161
5.101000 -18.153597
5.111000 -18.048864
5.121000 -17.944953
5.131000 -17.841858
5.141000 -17.739570
5.151000 -17.638080
5.161000 -17.537382
5.171000 -17.437468
5.181000 -17.338330
5.191000 -17.239961
5.201000 -17.142353
5.211000 -17.045499
5.221000 -16.949391
5.231000 -16.854024
5.241000 -16.759388
5.251000 -16.665479
5.261000 -16.572288
5.271000 -16.479808
5.281000 -16.388034
5.291000 -16.296958
5.301000 -16.206574
5.311000 -16.116875
5.321000 -16.027855
5.331000 -15.939507
5.341000 -15.851825
5.351000 -15.764803
5.361000 -15.678434
5.371000 -15.592713
5.381000 -15.507634
5.391000 -15.423189
5.401000 -15.339375
5.411000 -15.256184
5.421000 -15.173611
5.431000 -15.091650
5.441000 -15.010296
5.451000 -14.929543
5.461000 -14.849385
5.471000 -14.769817
5.481000 -14.690834
5.491000 -14.612430
5.501000 -14.534599
5.511000 -14.457338
5.521000 -14.380639
5.531000 -14.304500
5.541000 -14.228913
5.551000 -14.153875
5.561000 -14.079380
5.571000 -14.005423
5.581000 -13.932000
5.591000 -13.859106
5.601000 -13.786735
5.611000 -13.714884
5.621000 -13.643548
5.631000 -13.572721
5.641000 -13.502400
5.651000 -13.432580
5.661000 -13.363256
5.671000 -13.294425
5.681000 -13.226082
5.691000 -13.158221
5.701000 -13.090840
5.711000 -13.023934
5.721000 -12.957499
5.731000 -12.891530
5.741000 -12.826023
5.751000 -12.760975
5.761000 -12.696382
5.771000 -12.632239
5.781000 -12.568543
5.791000 -12.505289
5.801000 -12.442475
5.811000 -12.380095
5.821000 -12.318147
5.831000 -12.256626
5.841000 -12.195529
5.851000 -12.134852
5.861000 -12.074591
5.871000 -12.014744
5.881000 -11.955307
5.891000 -11.896275
5.901000 -11.837646
5.911000 -11.779415
5.921000 -11.721581
5.931000 -11.664139
5.941000 -11.607086
5.951000 -11.550419
5.961000 -11.494134
5.971000 -11.438228
5.981000 -11.382698
5.991000 -11.327541
6.001000 -11.272754
6.011000 -11.218334
6.021000 -11.164277
6.031000 -11.110581
6.041000 -11.057242
6.051000 -11.004258
6.061000 -10.951626
6.071000 -10.899342
6.081000 -10.847404
6.091000 -10.795809
6.101000 -10.744554
6.111000 -10.693636
6.121000 -10.643053
6.131000 -10.592802
6.141000 -10.542880
6.151000 -10.493284
6.161000 -10.444012
6.171000 -10.395061
6.181000 -10.346428
6.191000 -10.298111
6.201000 -10.250108
6.211000 -10.202415
6.221000 -10.155031
6.231000 -10.107952
6.241000 -10.061177
6.251000 -10.014702
6.261000 -9.968526
6.271000 -9.922646
6.281000 -9.877059
6.291000 -9.831764
6.301000 -9.786758
6.311000 -9.742038
6.321000 -9.697603
6.331000 -9.653450
6.341000 -9.609577
6.351000 -9.565981
6.361000 -9.522661
6.371000 -9.479615
6.381000 -9.436839
6.391000 -9.394333
6.401000 -9.352093
6.411000 -9.310118
6.421000 -9.268406
6.431000 -9.226955
6.441000 -9.185762
6.451000 -9.144825
6.461000 -9.104144
6.471000 -9.063715
6.481000 -9.023536
6.491000 -8.983607
6.501000 -8.943924
6.511000 -8.904486
6.521000 -8.865291
6.531000 -8.826337
6.541000 -8.787623
6.551000 -8.749146
6.561000 -8.710904
6.571000 -8.672896
6.581000 -8.635120
6.591000 -8.597575
6.601000 -8.560258
6.611000 -8.523168
6.621000 -8.486303
6.631000 -8.449661
6.641000 -8.413241
6.651000 -8.377041
6.661000 -8.341059
6.671000 -8.305293
6.681000 -8.269743
6.691000 -8.234406
6.701000 -8.199281
6.711000 -8.164366
6.721000 -8.129660
6.731000 -8.095161
6.741000 -8.060867
6.751000 -8.026777
6.761000 -7.992890
6.771000 -7.959204
6.781000 -7.925717
6.791000 -7.892429
6.801000 -7.859337
6.811000 -7.826440
6.821000 -7.793737
6.831000 -7.761226
6.841000 -7.728906
6.851000 -7.696775
6.861000 -7.664832
6.871000 -7.633076
6.881000 -7.601505
6.891000 -7.570119
6.901000 -7.538914
6.911000 -7.507891
6.921000 -7.477048
6.931000 -7.446384
6.941000 -7.415897
6.951000 -7.385586
6.961000 -7.355450
6.971000 -7.325487
6.981000 -7.295697
6.991000 -7.266078
7.001000 -7.236629
7.011000 -7.207348
7.021000 -7.178235
7.031000 -7.149288
7.041000 -7.120506
7.051000 -7.091887
7.061000 -7.063432
7.071000 -7.035138
7.081000 -7.007004
7.091000 -6.979030
7.101000 -6.951214
7.111000 -6.923554
7.121000 -6.896051
7.131000 -6.868702
7.141000 -6.841507
7.151000 -6.814465
7.161000 -6.787574
7.171000 -6.760834
7.181000 -6.734243
7.191000 -6.707801
7.201000 -6.681505
7.211000 -6.655357
7.221000 -6.629353
7.231000 -6.603494
7.241000 -6.577778
7.251000 -6.552205
7.261000 -6.526773
7.271000 -6.501481
7.281000 -6.476328
7.291000 -6.451314
7.301000 -6.426437
7.311000 -6.401697
7.321000 -6.377093
7.331000 -6.352623
7.341000 -6.328287
7.351000 -6.304084
7.361000 -6.280013
7.371000 -6.256073
7.381000 -6.232262
7.391000 -6.208582
7.401000 -6.185029
7.411000 -6.161604
7.421000 -6.138306
7.431000 -6.115133
7.441000 -6.092085
7.451000 -6.069162
7.461000 -6.046361
7.471000 -6.023683
7.481000 -6.001127
7.491000 -5.978691
7.501000 -5.956376
7.511000 -5.934180
7.521000 -5.912102
7.531000 -5.890141
7.541000 -5.868298
7.551000 -5.846570
7.561000 -5.824958
7.571000 -5.803460
7.581000 -5.782076
7.591000 -5.760805
7.601000 -5.739646
7.611000 -5.718599
7.621000 -5.697662
7.631000 -5.676836
7.641000 -5.656119
7.651000 -5.635510
7.661000 -5.615009
7.671000 -5.594616
7.681000 -5.574329
7.691000 -5.554148
7.701000 -5.534072
7.711000 -5.514100
7.721000 -5.494232
7.731000 -5.474467
7.741000 -5.454805
7.751000 -5.435244
7.761000 -5.415784
7.771000 -5.396425
7.781000 -5.377166
7.791000 -5.358005
7.801000 -5.338943
7.811000 -5.319980
7.821000 -5.301113
7.831000 -5.282343
7.841000 -5.263669
7.851000 -5.245090
7.861000 -5.226606
7.871000 -5.208216
7.881000 -5.189920
7.891000 -5.171717
7.901000 -5.153605
7.911000 -5.135586
7.921000 -5.117659
7.931000 -5.099822
7.941000 -5.082074
7.951000 -5.064416
7.961000 -5.046848
7.971000 -5.029367
7.981000 -5.011975
7.991000 -4.994670
8.001000 -4.977451
8.011000 -4.960318
8.021000 -4.943271
8.031000 -4.926310
8.041000 -4.909433
8.051000 -4.892640
8.061000 -4.875930
8.071000 -4.859304
8.081000 -4.842760
8.091000 -4.826297
8.101000 -4.809917
8.111000 -4.793617
8.121000 -4.777397
8.131000 -4.761258
8.141000 -4.745198
8.151000 -4.729217
8.161000 -4.713315
8.171000 -4.697491
8.181000 -4.681744
8.191000 -4.666074
8.201000 -4.650482
8.211000 -4.634965
8.221000 -4.619523
8.231000 -4.604157
8.241000 -4.588866
8.251000 -4.573649
8.261000 -4.558505
8.271000 -4.543436
8.281000 -4.528439
8.291000 -4.513515
8.301000 -4.498662
8.311000 -4.483882
8.321000 -4.469172
8.331000 -4.454533
8.341000 -4.439965
8.351000 -4.425467
8.361000 -4.411038
8.371000 -4.396678
8.381000 -4.382387
8.391000 -4.368165
8.401000 -4.354010
8.411000 -4.339922
8.421000 -4.325901
8.431000 -4.311948
8.441000 -4.298060
8.451000 -4.284239
8.461000 -4.270482
8.471000 -4.256791
8.481000 -4.243164
8.491000 -4.229602
8.501000 -4.216104
8.511000 -4.202670
8.521000 -4.189298
8.531000 -4.175989
8.541000 -4.162743
8.551000 -4.149559
8.561000 -4.136437
8.571000 -4.123376
8.581000 -4.110375
8.591000 -4.097436
8.601000 -4.084557
8.611000 -4.071738
8.621000 -4.058978
8.631000 -4.046278
8.641000 -4.033636
8.651000 -4.021053
8.661000 -4.008529
8.671000 -3.996062
8.681000 -3.983653
8.691000 -3.971301
8.701000 -3.959006
8.711000 -3.946767
8.721000 -3.934585
8.731000 -3.922459
8.741000 -3.910388
8.751000 -3.898372
8.761000 -3.886412
8.771000 -3.874506
8.781000 -3.862655
8.791000 -3.850857
8.801000 -3.839113
8.811000 -3.827422
8.821000 -3.815785
8.831000 -3.804201
8.841000 -3.792669
8.851000 -3.781190
8.861000 -3.769762
8.871000 -3.758385
8.881000 -3.747060
8.891000 -3.735786
8.901000 -3.724563
8.911000 -3.713391
8.921000 -3.702268
8.931000 -3.691196
8.941000 -3.680173
8.951000 -3.669199
8.961000 -3.658274
8.971000 -3.647398
8.981000 -3.636571
8.991000 -3.625792
9.001000 -3.615061
9.011000 -3.604378
9.021000 -3.593742
9.031000 -3.583154
9.041000 -3.572612
9.051000 -3.562116
9.061000 -3.551668
9.071000 -3.541265
9.081000 -3.530909
9.091000 -3.520598
9.101000 -3.510332
9.111000 -3.500111
9.121000 -3.489935
9.131000 -3.479804
9.141000 -3.469718
9.151000 -3.459675
9.161000 -3.449677
9.171000 -3.439723
9.181000 -3.429812
9.191000 -3.419943
9.201000 -3.410119
9.211000 -3.400336
9.221000 -3.390596
9.231000 -3.380898
9.241000 -3.371243
9.251000 -3.361629
9.261000 -3.352057
9.271000 -3.342525
9.281000 -3.333036
9.291000 -3.323587
9.301000 -3.314179
9.311000 -3.304811
9.321000 -3.295484
9.331000 -3.286197
9.341000 -3.276949
9.351000 -3.267741
9.361000 -3.258573
9.371000 -3.249444
9.381000 -3.240353
9.391000 -3.231302
9.401000 -3.222289
9.411000 -3.213315
9.421000 -3.204378
9.431000 -3.195480
9.441000 -3.186620
9.451000 -3.177796
9.461000 -3.169011
9.471000 -3.160262
9.481000 -3.151551
9.491000 -3.142875
9.501000 -3.134237
9.511000 -3.125635
9.521000 -3.117069
9.531000 -3.108540
9.541000 -3.100046
9.551000 -3.091587
9.561000 -3.083164
9.571000 -3.074777
9.581000 -3.066424
9.591000 -3.058107
9.601000 -3.049824
9.611000 -3.041575
9.621000 -3.033361
9.631000 -3.025182
9.641000 -3.017036
9.651000 -3.008923
9.661000 -3.000845
9.671000 -2.992800
9.681000 -2.984789
9.691000 -2.976810
9.701000 -2.968864
9.711000 -2.960951
9.721000 -2.953071
9.731000 -2.945223
9.741000 -2.937408
9.751000 -2.929624
9.761000 -2.921872
9.771000 -2.914152
9.781000 -2.906464
9.791000 -2.898808
9.801000 -2.891182
9.811000 -2.883588
9.821000 -2.876025
9.831000 -2.868493
9.841000 -2.860990
9.851000 -2.853519
9.861000 -2.846079
9.871000 -2.838668
9.881000 -2.831287
9.891000 -2.823936
9.901000 -2.816615
9.911000 -2.809324
9.921000 -2.802062
9.931000 -2.794829
9.941000 -2.787625
9.951000 -2.780451
9.961000 -2.773305
9.971000 -2.766187
9.981000 -2.759099
9.991000 -2.752039
10.001000 -2.745007
10.011000 -2.738003
10.021000 -2.731028
10.031000 -2.724080
10.041000 -2.717160
10.051000 -2.710267
10.061000 -2.703402
10.071000 -2.696564
10.081000 -2.689753
10.091000 -2.682970
10.101000 -2.676213
10.111000 -2.669483
10.121000 -2.662779
10.131000 -2.656102
10.141000 -2.649452
10.151000 -2.642828
10.161000 -2.636230
10.171000 -2.629657
10.181000 -2.623111
10.191000 -2.616591
10.201000 -2.610096
10.211000 -2.603626
10.221000 -2.597182
10.231000 -2.590763
10.241000 -2.584369
10.251000 -2.578000
10.261000 -2.571657
10.271000 -2.565337
10.281000 -2.559042
10.291000 -2.552772
10.301000 -2.546526
10.311000 -2.540305
10.321000 -2.534107
10.331000 -2.527934
10.341000 -2.521785
10.351000 -2.515659
10.361000 -2.509557
10.371000 -2.503479
10.381000 -2.497424
10.391000 -2.491392
10.401000 -2.485384
10.411000 -2.479398
10.421000 -2.473436
10.431000 -2.467496
10.441000 -2.461580
10.451000 -2.455687
10.461000 -2.449816
10.471000 -2.443967
10.481000 -2.438140
10.491000 -2.432336
10.501000 -2.426555
10.511000 -2.420794
10.521000 -2.415056
10.531000 -2.409339
10.541000 -2.403644
10.551000 -2.397971
10.561000 -2.392320
10.571000 -2.386690
10.581000 -2.381081
10.591000 -2.375493
10.601000 -2.369927
10.611000 -2.364382
10.621000 -2.358857
10.631000 -2.353354
10.641000 -2.347870
10.651000 -2.342408
10.661000 -2.336966
10.671000 -2.331545
10.681000 -2.326143
10.691000 -2.320762
10.701000 -2.315401
10.711000 -2.310061
10.721000 -2.304740
10.731000 -2.299439
10.741000 -2.294157
10.751000 -2.288896
10.761000 -2.283654
10.771000 -2.278432
10.781000 -2.273229
10.791000 -2.268045
10.801000 -2.262881
10.811000 -2.257735
10.821000 -2.252608
10.831000 -2.247501
10.841000 -2.242412
10.851000 -2.237343
10.861000 -2.232291
10.871000 -2.227259
10.881000 -2.222245
10.891000 -2.217250
10.901000 -2.212273
10.911000 -2.207314
10.921000 -2.202374
10.931000 -2.197451
10.941000 -2.192547
10.951000 -2.187660
10.961000 -2.182792
10.971000 -2.177940
10.981000 -2.173107
10.991000 -2.168291
11.001000 -2.163492
11.011000 -2.158712
11.021000 -2.153948
11.031000 -2.149202
11.041000 -2.144473
11.051000 -2.139761
11.061000 -2.135067
11.071000 -2.130389
11.081000 -2.125728
11.091000 -2.121085
11.101000 -2.116458
11.111000 -2.111848
11.121000 -2.107254
11.131000 -2.102676
11.141000 -2.098116
11.151000 -2.093571
11.161000 -2.089043
11.171000 -2.084531
11.181000 -2.080035
11.191000 -2.075555
11.201000 -2.071091
11.211000 -2.066644
11.221000 -2.062212
11.231000 -2.057796
11.241000 -2.053395
11.251000 -2.049011
11.261000 -2.044642
11.271000 -2.040288
11.281000 -2.035949
11.291000 -2.031626
11.301000 -2.027318
11.311000 -2.023026
11.321000 -2.018749
11.331000 -2.014487
11.341000 -2.010240
11.351000 -2.006008
11.361000 -2.001791
11.371000 -1.997589
11.381000 -1.993402
11.391000 -1.989229
11.401000 -1.985071
11.411000 -1.980928
11.421000 -1.976799
11.431000 -1.972685
11.441000 -1.968585
11.451000 -1.964499
11.461000 -1.960428
11.471000 -1.956371
11.481000 -1.952327
11.491000 -1.948299
11.501000 -1.944284
11.511000 -1.940284
11.521000 -1.936296
11.531000 -1.932323
11.541000 -1.928364
11.551000 -1.924418
11.561000 -1.920486
11.571000 -1.916567
11.581000 -1.912663
11.591000 -1.908771
11.601000 -1.904893
11.611000 -1.901028
11.621000 -1.897177
11.631000 -1.893339
11.641000 -1.889514
11.651000 -1.885703
11.661000 -1.881905
11.671000 -1.878120
11.681000 -1.874347
11.691000 -1.870587
11.701000 -1.866840
11.711000 -1.863106
11.721000 -1.859385
11.731000 -1.855676
11.741000 -1.851980
11.751000 -1.848296
11.761000 -1.844625
11.771000 -1.840966
11.781000 -1.837320
11.791000 -1.833687
11.801000 -1.830065
11.811000 -1.826456
11.821000 -1.822860
11.831000 -1.819275
11.841000 -1.815703
11.851000 -1.812143
11.861000 -1.808595
11.871000 -1.805059
11.881000 -1.801534
11.891000 -1.798022
11.901000 -1.794521
11.911000 -1.791032
11.921000 -1.787554
11.931000 -1.784089
11.941000 -1.780636
11.951000 -1.777193
11.961000 -1.773763
11.971000 -1.770344
11.981000 -1.766936
11.991000 -1.763540
12.001000 -1.760155
12.011000 -1.756780
12.021000 -1.753418
12.031000 -1.750066
12.041000 -1.746725
12.051000 -1.743396
12.061000 -1.740079
12.071000 -1.736772
12.081000 -1.733476
12.091000 -1.730190
12.101000 -1.726916
12.111000 -1.723652
12.121000 -1.720399
12.131000 -1.717157
12.141000 -1.713926
12.151000 -1.710705
12.161000 -1.707495
12.171000 -1.704296
12.181000 -1.701107
12.191000 -1.697928
12.201000 -1.694760
12.211000 -1.691603
12.221000 -1.688455
12.231000 -1.685317
12.241000 -1.682191
12.251000 -1.679074
12.261000 -1.675968
12.271000 -1.672871
12.281000 -1.669785
12.291000 -1.666709
12.301000 -1.663643
12.311000 -1.660587
12.321000 -1.657541
12.331000 -1.654505
12.341000 -1.651478
12.351000 -1.648461
12.361000 -1.645454
12.371000 -1.642458
12.381000 -1.639470
12.391000 -1.636493
12.401000 -1.633524
12.411000 -1.630565
12.421000 -1.627617
12.431000 -1.624677
12.441000 -1.621747
12.451000 -1.618826
12.461000 -1.615915
12.471000 -1.613013
12.481000 -1.610120
12.491000 -1.607237
12.501000 -1.604363
12.511000 -1.601498
12.521000 -1.598642
12.531000 -1.595795
12.541000 -1.592958
12.551000 -1.590130
12.561000 -1.587310
12.571000 -1.584499
12.581000 -1.581698
12.591000 -1.578905
12.601000 -1.576121
12.611000 -1.573346
12.621000 -1.570580
12.631000 -1.567822
12.641000 -1.565074
12.651000 -1.562334
12.661000 -1.559602
12.671000 -1.556879
12.681000 -1.554166
12.691000 -1.551460
12.701000 -1.548763
12.711000 -1.546074
12.721000 -1.543395
12.731000 -1.540723
12.741000 -1.538060
12.751000 -1.535405
12.761000 -1.532758
12.771000 -1.530120
12.781000 -1.527490
12.791000 -1.524869
12.801000 -1.522256
12.811000 -1.519650
12.821000 -1.517052
12.831000 -1.514463
12.841000 -1.511882
12.851000 -1.509309
12.861000 -1.506744
12.871000 -1.504187
12.881000 -1.501638
12.891000 -1.499097
12.901000 -1.496564
12.911000 -1.494038
12.921000 -1.491521
12.931000 -1.489011
12.941000 -1.486509
12.951000 -1.484015
12.961000 -1.481528
12.971000 -1.479048
12.981000 -1.476576
12.991000 -1.474112
13.001000 -1.471656
13.011000 -1.469207
13.021000 -1.466766
13.031000 -1.464333
13.041000 -1.461906
13.051000 -1.459488
13.061000 -1.457077
13.071000 -1.454673
13.081000 -1.452276
13.091000 -1.449887
13.101000 -1.447505
13.111000 -1.445130
13.121000 -1.442764
13.131000 -1.440404
13.141000 -1.438051
13.151000 -1.435705
13.161000 -1.433365
13.171000 -1.431034
13.181000 -1.428710
13.191000 -1.426393
13.201000 -1.424083
13.211000 -1.421780
13.221000 -1.419484
13.231000 -1.417195
13.241000 -1.414912
13.251000 -1.412637
13.261000 -1.410368
13.271000 -1.408107
13.281000 -1.405851
13.291000 -1.403603
13.301000 -1.401362
13.311000 -1.399127
13.321000 -1.396900
13.331000 -1.394678
13.341000 -1.392463
13.351000 -1.390255
13.361000 -1.388053
13.371000 -1.385859
13.381000 -1.383671
13.391000 -1.381489
13.401000 -1.379313
13.411000 -1.377144
13.421000 -1.374982
13.431000 -1.372826
13.441000 -1.370677
13.451000 -1.368535
13.461000 -1.366398
13.471000 -1.364269
13.481000 -1.362145
13.491000 -1.360027
13.501000 -1.357915
13.511000 -1.355810
13.521000 -1.353711
13.531000 -1.351619
13.541000 -1.349532
13.551000 -1.347452
13.561000 -1.345378
13.571000 -1.343310
13.581000 -1.341248
13.591000 -1.339192
13.601000 -1.337142
13.611000 -1.335098
13.621000 -1.333060
13.631000 -1.331029
13.641000 -1.329002
13.651000 -1.326982
13.661000 -1.324968
13.671000 -1.322960
13.681000 -1.320958
13.691000 -1.318962
13.701000 -1.316972
13.711000 -1.314987
13.721000 -1.313008
13.731000 -1.311034
13.741000 -1.309066
13.751000 -1.307104
13.761000 -1.305148
13.771000 -1.303197
13.781000 -1.301252
13.791000 -1.299313
13.801000 -1.297380
13.811000 -1.295453
13.821000 -1.293531
13.831000 -1.291614
13.841000 -1.289703
13.851000 -1.287798
13.861000 -1.285897
13.871000 -1.284002
13.881000 -1.282113
13.891000 -1.280229
13.901000 -1.278351
13.911000 -1.276478
13.921000 -1.274610
13.931000 -1.272747
13.941000 -1.270891
13.951000 -1.269039
13.961000 -1.267193
13.971000 -1.265352
13.981000 -1.263516
13.991000 -1.261686
14.001000 -1.259860
14.011000 -1.258040
14.021000 -1.256226
14.031000 -1.254417
14.041000 -1.252612
14.051000 -1.250813
14.061000 -1.249018
14.071000 -1.247228
14.081000 -1.245445
14.091000 -1.243667
14.101000 -1.241894
14.111000 -1.240125
14.121000 -1.238362
14.131000 -1.236604
14.141000 -1.234851
14.151000 -1.233103
14.161000 -1.231358
14.171000 -1.229619
14.181000 -1.227885
14.191000 -1.226156
14.201000 -1.224432
14.211000 -1.222713
14.221000 -1.220998
14.231000 -1.219289
14.241000 -1.217584
14.251000 -1.215883
14.261000 -1.214188
14.271000 -1.212498
14.281000 -1.210812
14.291000 -1.209131
14.301000 -1.207454
14.311000 -1.205782
14.321000 -1.204116
14.331000 -1.202453
14.341000 -1.200795
14.351000 -1.199142
14.361000 -1.197492
14.371000 -1.195849
14.381000 -1.194209
14.391000 -1.192575
14.401000 -1.190945
14.411000 -1.189319
14.421000 -1.187698
14.431000 -1.186082
14.441000 -1.184469
14.451000 -1.182861
14.461000 -1.181258
14.471000 -1.179660
14.481000 -1.178066
14.491000 -1.176475
14.501000 -1.174889
14.511000 -1.173307
14.521000 -1.171729
14.531000 -1.170158
14.541000 -1.168590
14.551000 -1.167026
14.561000 -1.165467
14.571000 -1.163912
14.581000 -1.162362
14.591000 -1.160815
14.601000 -1.159273
14.611000 -1.157736
14.621000 -1.156201
14.631000 -1.154670
14.641000 -1.153144
14.651000 -1.151622
14.661000 -1.150105
14.671000 -1.148592
14.681000 -1.147084
14.691000 -1.145578
14.701000 -1.144077
14.711000 -1.142580
14.721000 -1.141088
14.731000 -1.139599
14.741000 -1.138114
14.751000 -1.136634
14.761000 -1.135157
14.771000 -1.133684
14.781000 -1.132216
14.791000 -1.130751
14.801000 -1.129291
14.811000 -1.127834
14.821000 -1.126381
14.831000 -1.124931
14.841000 -1.123486
14.851000 -1.122044
14.861000 -1.120607
14.871000 -1.119173
14.881000 -1.117744
14.891000 -1.116317
14.901000 -1.114896
14.911000 -1.113478
14.921000 -1.112064
14.931000 -1.110654
14.941000 -1.109247
14.951000 -1.107845
14.961000 -1.106445
14.971000 -1.105050
14.981000 -1.103659
14.991000 -1.102271
15.001000 -1.100886
15.011000 -1.099505
15.021000 -1.098129
15.031000 -1.096756
15.041000 -1.095386
15.051000 -1.094020
15.061000 -1.092657
15.071000 -1.091299
15.081000 -1.089945
15.091000 -1.088593
15.101000 -1.087246
15.111000 -1.085901
15.121000 -1.084560
15.131000 -1.083222
15.141000 -1.081888
15.151000 -1.080558
15.161000 -1.079230
15.171000 -1.077906
15.181000 -1.076586
15.191000 -1.075269
15.201000 -1.073956
15.211000 -1.072646
15.221000 -1.071340
15.231000 -1.070037
15.241000 -1.068738
15.251000 -1.067442
15.261000 -1.066150
15.271000 -1.064861
15.281000 -1.063577
15.291000 -1.062295
15.301000 -1.061016
15.311000 -1.059740
15.321000 -1.058468
15.331000 -1.057200
15.341000 -1.055935
15.351000 -1.054672
15.361000 -1.053413
15.371000 -1.052158
15.381000 -1.050906
15.391000 -1.049656
15.401000 -1.048410
15.411000 -1.047168
15.421000 -1.045930
15.431000 -1.044693
15.441000 -1.043461
15.451000 -1.042232
15.461000 -1.041005
15.471000 -1.039782
15.481000 -1.038561
15.491000 -1.037344
15.501000 -1.036131
15.511000 -1.034920
15.521000 -1.033712
15.531000 -1.032507
15.541000 -1.031306
15.551000 -1.030107
15.561000 -1.028912
15.571000 -1.027719
15.581000 -1.026530
15.591000 -1.025343
15.601000 -1.024160
15.611000 -1.022979
15.621000 -1.021803
15.631000 -1.020628
15.641000 -1.019458
15.651000 -1.018289
15.661000 -1.017125
15.671000 -1.015963
15.681000 -1.014803
15.691000 -1.013648
15.701000 -1.012494
15.711000 -1.011345
15.721000 -1.010198
15.731000 -1.009053
15.741000 -1.007913
15.751000 -1.006775
15.761000 -1.005639
15.771000 -1.004505
15.781000 -1.003376
15.791000 -1.002248
15.801000 -1.001124
15.811000 -1.000003
15.821000 -0.998885
15.831000 -0.997769
15.841000 -0.996656
15.851000 -0.995547
15.861000 -0.994440
15.871000 -0.993336
15.881000 -0.992234
15.891000 -0.991135
15.901000 -0.990038
15.911000 -0.988945
15.921000 -0.987855
15.931000 -0.986767
15.941000 -0.985682
15.951000 -0.984599
15.961000 -0.983519
15.971000 -0.982441
15.981000 -0.981368
15.991000 -0.980297
16.001000 -0.979229
16.011000 -0.978163
16.021000 -0.977100
16.031000 -0.976039
16.041000 -0.974981
16.051000 -0.973926
16.061000 -0.972873
16.071000 -0.971823
16.081000 -0.970775
16.091000 -0.969730
16.101000 -0.968687
16.111000 -0.967648
16.121000 -0.966610
16.131000 -0.965576
16.141000 -0.964544
16.151000 -0.963515
16.161000 -0.962488
16.171000 -0.961464
16.181000 -0.960443
16.191000 -0.959423
16.201000 -0.958405
16.211000 -0.957390
16.221000 -0.956377
16.231000 -0.955368
16.241000 -0.954361
16.251000 -0.953357
16.261000 -0.952356
16.271000 -0.951355
16.281000 -0.950357
16.291000 -0.949362
16.301000 -0.948370
16.311000 -0.947381
16.321000 -0.946394
16.331000 -0.945408
16.341000 -0.944425
16.351000 -0.943445
16.361000 -0.942468
16.371000 -0.941493
16.381000 -0.940520
16.391000 -0.939549
16.401000 -0.938581
16.411000 -0.937616
16.421000 -0.936652
16.431000 -0.935691
16.441000 -0.934733
16.451000 -0.933776
16.461000 -0.932821
16.471000 -0.931870
16.481000 -0.930921
16.491000 -0.929973
16.501000 -0.929029
16.511000 -0.928087
16.521000 -0.927146
16.531000 -0.926208
16.541000 -0.925274
16.551000 -0.924340
16.561000 -0.923409
16.571000 -0.922479
16.581000 -0.921552
16.591000 -0.920628
16.601000 -0.919705
16.611000 -0.918786
16.621000 -0.917867
16.631000 -0.916951
16.641000 -0.916039
16.651000 -0.915127
16.661000 -0.914218
16.671000 -0.913311
16.681000 -0.912406
16.691000 -0.911503
16.701000 -0.910603
16.711000 -0.909703
16.721000 -0.908807
16.731000 -0.907914
16.741000 -0.907023
16.751000 -0.906134
16.761000 -0.905246
16.771000 -0.904362
16.781000 -0.903478
16.791000 -0.902598
16.801000 -0.901719
16.811000 -0.900841
16.821000 -0.899966
16.831000 -0.899093
16.841000 -0.898222
16.851000 -0.897353
16.861000 -0.896487
16.871000 -0.895622
16.881000 -0.894760
16.891000 -0.893900
16.901000 -0.893041
16.911000 -0.892185
16.921000 -0.891330
16.931000 -0.890478
16.941000 -0.889628
16.951000 -0.888778
16.961000 -0.887933
16.971000 -0.887088
16.981000 -0.886246
16.991000 -0.885406
17.001000 -0.884567
17.011000 -0.883732
17.021000 -0.882897
17.031000 -0.882064
17.041000 -0.881234
17.051000 -0.880406
17.061000 -0.879579
17.071000 -0.878755
17.081000 -0.877932
17.091000 -0.877111
17.101000 -0.876293
17.111000 -0.875476
17.121000 -0.874661
17.131000 -0.873847
17.141000 -0.873036
17.151000 -0.872227
17.161000 -0.871418
17.171000 -0.870614
17.181000 -0.869811
17.191000 -0.869009
17.201000 -0.868208
17.211000 -0.867411
17.221000 -0.866615
17.231000 -0.865820
17.241000 -0.865027
17.251000 -0.864235
17.261000 -0.863447
17.271000 -0.862660
17.281000 -0.861875
17.291000 -0.861090
17.301000 -0.860310
17.311000 -0.859531
17.321000 -0.858753
17.331000 -0.857976
17.341000 -0.857201
17.351000 -0.856427
17.361000 -0.855657
17.371000 -0.854889
17.381000 -0.854121
17.391000 -0.853355
17.401000 -0.852591
17.411000 -0.851828
17.421000 -0.851068
17.431000 -0.850310
17.441000 -0.849554
17.451000 -0.848799
17.461000 -0.848045
17.471000 -0.847293
17.481000 -0.846542
17.491000 -0.845793
17.501000 -0.845047
17.511000 -0.844303
17.521000 -0.843561
17.531000 -0.842820
17.541000 -0.842080
17.551000 -0.841342
17.561000 -0.840605
17.571000 -0.839870
17.581000 -0.839136
17.591000 -0.838404
17.601000 -0.837674
17.611000 -0.836945
17.621000 -0.836219
17.631000 -0.835495
17.641000 -0.834773
17.651000 -0.834053
17.661000 -0.833333
17.671000 -0.832616
17.681000 -0.831900
17.691000 -0.831185
17.701000 -0.830472
17.711000 -0.829761
17.721000 -0.829051
17.731000 -0.828343
17.741000 -0.827636
17.751000 -0.826931
17.761000 -0.826228
17.771000 -0.825526
17.781000 -0.824826
17.791000 -0.824127
17.801000 -0.823430
17.811000 -0.822735
17.821000 -0.822041
17.831000 -0.821349
17.841000 -0.820658
17.851000 -0.819969
17.861000 -0.819282
17.871000 -0.818596
17.881000 -0.817912
17.891000 -0.816478
17.901000 -0.815797
17.911000 -0.815118
17.921000 -0.814441
17.931000 -0.813765
17.941000 -0.813091
17.951000 -0.812419
17.961000 -0.811748
17.971000 -0.811079
17.981000 -0.810412
17.991000 -0.809746
18.001000 -0.809083
18.011000 -0.808420
18.021000 -0.807758
18.031000 -0.807096
18.041000 -0.806437
18.051000 -0.805779
18.061000 -0.805123
18.071000 -0.804469
18.081000 -0.803817
18.091000 -0.803166
18.101000 -0.802517
18.111000 -0.801868
18.121000 -0.801220
18.131000 -0.800574
18.141000 -0.799929
18.151000 -0.799287
18.161000 -0.798646
18.171000 -0.798007
18.181000 -0.797367
18.191000 -0.796729
18.201000 -0.796093
18.211000 -0.795459
18.221000 -0.794826
18.231000 -0.794196
18.241000 -0.793565
18.251000 -0.792935
18.261000 -0.792307
18.271000 -0.791681
18.281000 -0.791057
18.291000 -0.790433
18.301000 -0.789810
18.311000 -0.789189
18.321000 -0.788570
18.331000 -0.787952
18.341000 -0.787337
18.351000 -0.786721
18.361000 -0.786107
18.371000 -0.785495
18.381000 -0.784884
18.391000 -0.784273
18.401000 -0.783664
18.411000 -0.783056
18.421000 -0.782451
18.431000 -0.781848
18.441000 -0.781243
18.451000 -0.780641
18.461000 -0.780041
18.471000 -0.779443
18.481000 -0.778844
18.491000 -0.778246
18.501000 -0.777651
18.511000 -0.777058
18.521000 -0.776464
18.531000 -0.775872
18.541000 -0.775283
18.551000 -0.774695
18.561000 -0.774106
18.571000 -0.773519
18.581000 -0.772935
18.591000 -0.772349
18.601000 -0.771766
18.611000 -0.771185
18.621000 -0.770606
18.631000 -0.770026
18.641000 -0.769448
18.651000 -0.768872
18.661000 -0.768295
18.671000 -0.767721
18.681000 -0.767148
18.691000 -0.766578
18.701000 -0.766007
18.711000 -0.765438
18.721000 -0.764871
18.731000 -0.764303
18.741000 -0.763738
18.751000 -0.763174
18.761000 -0.762610
18.771000 -0.762048
18.781000 -0.761488
18.791000 -0.760927
18.801000 -0.760369
18.811000 -0.759813
18.821000 -0.759256
18.831000 -0.758701
18.841000 -0.758148
18.851000 -0.757594
18.861000 -0.757043
18.871000 -0.756494
18.881000 -0.755944
18.891000 -0.755396
18.901000 -0.754851
18.911000 -0.754305
18.921000 -0.753761
18.931000 -0.753216
18.941000 -0.752674
18.951000 -0.752133
18.961000 -0.751593
18.971000 -0.751054
18.981000 -0.750517
18.991000 -0.749980
19.001000 -0.749445
19.011000 -0.748910
19.021000 -0.748376
19.031000 -0.747845
19.041000 -0.747313
19.051000 -0.746784
19.061000 -0.746257
19.071000 -0.745729
19.081000 -0.745203
19.091000 -0.744677
19.101000 -0.744153
19.111000 -0.743631
19.121000 -0.743108
19.131000 -0.742588
19.141000 -0.742067
19.151000 -0.741549
19.161000 -0.741030
19.171000 -0.740513
19.181000 -0.739999
19.191000 -0.739484
19.201000 -0.738971
19.211000 -0.738457
19.221000 -0.737946
19.231000 -0.737437
19.241000 -0.736928
19.251000 -0.736421
19.261000 -0.735913
19.271000 -0.735408
19.281000 -0.734902
19.291000 -0.734398
19.301000 -0.733894
19.311000 -0.733392
19.321000 -0.732893
19.331000 -0.732393
19.341000 -0.731895
19.351000 -0.731397
19.361000 -0.730901
19.371000 -0.730405
19.381000 -0.729910
19.391000 -0.729416
19.401000 -0.728924
19.411000 -0.728431
19.421000 -0.727940
19.431000 -0.727452
19.441000 -0.726964
19.451000 -0.726477
19.461000 -0.725991
19.471000 -0.725506
19.481000 -0.725021
19.491000 -0.724539
19.501000 -0.724056
19.511000 -0.723575
19.521000 -0.723094
19.531000 -0.722615
19.541000 -0.722136
19.551000 -0.721659
19.561000 -0.721182
19.571000 -0.720707
19.581000 -0.720232
19.591000 -0.719759
19.601000 -0.719285
19.611000 -0.718814
19.621000 -0.718343
19.631000 -0.717874
19.641000 -0.717404
19.651000 -0.716937
19.661000 -0.716470
19.671000 -0.716004
19.681000 -0.715539
19.691000 -0.715076
19.701000 -0.714612
19.711000 -0.714151
19.721000 -0.713689
19.731000 -0.713230
19.741000 -0.712771
19.751000 -0.712313
19.761000 -0.711856
19.771000 -0.711398
19.781000 -0.710942
19.791000 -0.710486
19.801000 -0.710033
19.811000 -0.709579
19.821000 -0.709127
19.831000 -0.708675
19.841000 -0.708226
19.851000 -0.707776
19.861000 -0.707329
19.871000 -0.706881
19.881000 -0.706436
19.891000 -0.705990
19.901000 -0.705544
19.911000 -0.705100
19.921000 -0.704656
19.931000 -0.704215
19.941000 -0.703773
19.951000 -0.703334
19.961000 -0.702894
19.971000 -0.702457
19.981000 -0.702019
19.991000 -0.701581
20.001000 -0.701145
20.011000 -0.700709
20.021000 -0.700276
20.031000 -0.699842
20.041000 -0.699411
20.051000 -0.698979
20.061000 -0.698547
20.071000 -0.698118
20.081000 -0.697688
20.091000 -0.697261
20.101000 -0.696833
20.111000 -0.696408
20.121000 -0.695983
20.131000 -0.695557
20.141000 -0.695134
20.151000 -0.694710
20.161000 -0.694289
20.171000 -0.693868
20.181000 -0.693446
20.191000 -0.693027
20.201000 -0.692607
20.211000 -0.692190
20.221000 -0.691773
20.231000 -0.691355
20.241000 -0.690940
20.251000 -0.690524
20.261000 -0.690112
20.271000 -0.689699
20.281000 -0.689285
20.291000 -0.688874
20.301000 -0.688463
20.311000 -0.688054
20.321000 -0.687645
20.331000 -0.687236
20.341000 -0.686829
20.351000 -0.686422
20.361000 -0.686015
20.371000 -0.685610
20.381000 -0.685205
20.391000 -0.684802
20.401000 -0.684400
20.411000 -0.683997
20.421000 -0.683596
20.431000 -0.683195
20.441000 -0.682794
20.451000 -0.682396
20.461000 -0.681997
20.471000 -0.681601
20.481000 -0.681204
20.491000 -0.680808
20.501000 -0.680414
20.511000 -0.680019
20.521000 -0.679624
20.531000 -0.679232
20.541000 -0.678840
20.551000 -0.678451
20.561000 -0.678061
20.571000 -0.677670
20.581000 -0.677283
20.591000 -0.676895
20.601000 -0.676507
20.611000 -0.676121
20.621000 -0.675735
20.631000 -0.675349
20.641000 -0.674966
20.651000 -0.674582
20.661000 -0.674198
20.671000 -0.673817
20.681000 -0.673435
20.691000 -0.673054
20.701000 -0.672674
20.711000 -0.672295
20.721000 -0.671915
20.731000 -0.671538
20.741000 -0.671161
20.751000 -0.670783
20.761000 -0.670409
20.771000 -0.670034
20.781000 -0.669658
20.791000 -0.669286
20.801000 -0.668913
20.811000 -0.668539
20.821000 -0.668169
20.831000 -0.667798
20.841000 -0.667427
20.851000 -0.667059
20.861000 -0.666691
20.871000 -0.666322
20.881000 -0.665956
20.891000 -0.665589
20.901000 -0.665223
20.911000 -0.664859
20.921000 -0.664495
20.931000 -0.664131
20.941000 -0.663769
20.951000 -0.663408
20.961000 -0.663046
20.971000 -0.662687
20.981000 -0.662327
20.991000 -0.661967
21.001000 -0.661607
21.011000 -0.661250
21.021000 -0.660893
21.031000 -0.660535
21.041000 -0.660180
21.051000 -0.659825
21.061000 -0.659469
21.071000 -0.659117
21.081000 -0.658764
21.091000 -0.658411
21.101000 -0.658057
21.111000 -0.657707
21.121000 -0.657356
21.131000 -0.657005
21.141000 -0.656657
21.151000 -0.656309
21.161000 -0.655960
21.171000 -0.655614
21.181000 -0.655268
21.191000 -0.654922
21.201000 -0.654575
21.211000 -0.654232
21.221000 -0.653888
21.231000 -0.653544
21.241000 -0.653203
21.251000 -0.652861
21.261000 -0.652520
21.271000 -0.652177
21.281000 -0.651838
21.291000 -0.651499
21.301000 -0.651160
21.311000 -0.650823
21.321000 -0.650486
21.331000 -0.650149
21.341000 -0.649812
21.351000 -0.649477
21.361000 -0.649143
21.371000 -0.648808
21.381000 -0.648472
21.391000 -0.648140
21.401000 -0.647808
21.411000 -0.647475
21.421000 -0.647142
21.431000 -0.646812
21.441000 -0.646482
21.451000 -0.646152
21.461000 -0.645824
21.471000 -0.645497
21.481000 -0.645169
21.491000 -0.644840
21.501000 -0.644515
21.511000 -0.644190
21.521000 -0.643864
21.531000 -0.643538
21.541000 -0.643216
21.551000 -0.642892
21.561000 -0.642569
21.571000 -0.642245
21.581000 -0.641925
21.591000 -0.641604
21.601000 -0.641283
21.611000 -0.640962
21.621000 -0.640644
21.631000 -0.640325
21.641000 -0.640007
21.651000 -0.639688
21.661000 -0.639372
21.671000 -0.639056
21.681000 -0.638740
21.691000 -0.638423
21.701000 -0.638110
21.711000 -0.637796
21.721000 -0.637482
21.731000 -0.637168
21.741000 -0.636857
21.751000 -0.636546
21.761000 -0.636234
21.771000 -0.635923
21.781000 -0.635614
21.791000 -0.635305
21.801000 -0.634996
21.811000 -0.634687
21.821000 -0.634381
21.831000 -0.634075
21.841000 -0.633768
21.851000 -0.633461
21.861000 -0.633154
21.871000 -0.632850
21.881000 -0.632546
21.891000 -0.632242
21.901000 -0.631937
21.911000 -0.631636
21.921000 -0.631335
21.931000 -0.631033
21.941000 -0.630731
21.951000 -0.630432
21.961000 -0.630133
21.971000 -0.629834
21.981000 -0.629534
21.991000 -0.629234
22.001000 -0.628938
22.011000 -0.628641
22.021000 -0.628344
22.031000 -0.628047
22.041000 -0.627753
22.051000 -0.627459
22.061000 -0.627164
22.071000 -0.626870
22.081000 -0.626575
22.091000 -0.626283
22.101000 -0.625992
22.111000 -0.625700
22.121000 -0.625407
22.131000 -0.625115
22.141000 -0.624826
22.151000 -0.624536
22.161000 -0.624247
22.171000 -0.623957
22.181000 -0.623670
22.191000 -0.623384
22.201000 -0.623097
22.211000 -0.622809
22.221000 -0.622522
22.231000 -0.622238
22.241000 -0.621954
22.251000 -0.621669
22.261000 -0.621385
22.271000 -0.621100
22.281000 -0.620818
22.291000 -0.620536
22.301000 -0.620254
22.311000 -0.619972
22.321000 -0.619689
22.331000 -0.619410
22.341000 -0.619131
22.351000 -0.618852
22.361000 -0.618572
22.371000 -0.618292
22.381000 -0.618015
22.391000 -0.617739
22.401000 -0.617462
22.411000 -0.617184
22.421000 -0.616907
22.431000 -0.616633
22.441000 -0.616359
22.451000 -0.616085
22.461000 -0.615810
22.471000 -0.615535
22.481000 -0.615264
22.491000 -0.614992
22.501000 -0.614720
22.511000 -0.614448
22.521000 -0.614176
22.531000 -0.613903
22.541000 -0.613635
22.551000 -0.613365
22.561000 -0.613096
22.571000 -0.612826
22.581000 -0.612557
22.591000 -0.612290
22.601000 -0.612024
22.611000 -0.611757
22.621000 -0.611490
22.631000 -0.611223
22.641000 -0.610959
22.651000 -0.610696
22.661000 -0.610431
22.671000 -0.610167
22.681000 -0.609903
22.691000 -0.609638
22.701000 -0.609377
22.711000 -0.609116
22.721000 -0.608854
22.731000 -0.608592
22.741000 -0.608330
22.751000 -0.608068
22.761000 -0.607810
22.771000 -0.607551
22.781000 -0.607292
22.791000 -0.607033
22.801000 -0.606773
22.811000 -0.606518
22.821000 -0.606262
22.831000 -0.606005
22.841000 -0.605749
22.851000 -0.605492
22.861000 -0.605236
22.871000 -0.604982
22.881000 -0.604729
22.891000 -0.604475
22.901000 -0.604222
22.911000 -0.603968
22.921000 -0.603713
22.931000 -0.603463
22.941000 -0.603212
22.951000 -0.602961
22.961000 -0.602710
22.971000 -0.602459
22.981000 -0.602207
22.991000 -0.601959
23.001000 -0.601711
23.011000 -0.601463
23.021000 -0.601215
23.031000 -0.600966
23.041000 -0.600717
23.051000 -0.600472
23.061000 -0.600227
23.071000 -0.599981
23.081000 -0.599736
23.091000 -0.599490
23.101000 -0.599244
23.111000 -0.598997
23.121000 -0.598755
23.131000 -0.598512
23.141000 -0.598269
23.151000 -0.598026
23.161000 -0.597783
23.171000 -0.597539
23.181000 -0.597299
23.191000 -0.597059
23.201000 -0.596819
23.211000 -0.596579
23.221000 -0.596338
23.231000 -0.596098
23.241000 -0.595857
23.251000 -0.595620
23.261000 -0.595382
23.271000 -0.595145
23.281000 -0.594907
23.291000 -0.594669
23.301000 -0.594431
23.311000 -0.594197
23.321000 -0.593962
23.331000 -0.593728
23.341000 -0.593493
23.351000 -0.593258
23.361000 -0.593023
23.371000 -0.592787
23.381000 -0.592556
23.391000 -0.592324
23.401000 -0.592092
23.411000 -0.591860
23.421000 -0.591628
23.431000 -0.591396
23.441000 -0.591163
23.451000 -0.590934
23.461000 -0.590705
23.471000 -0.590476
23.481000 -0.590247
23.491000 -0.590017
23.501000 -0.589788
23.511000 -0.589558
23.521000 -0.589332
23.531000 -0.589106
23.541000 -0.588880
23.551000 -0.588653
23.561000 -0.588426
23.571000 -0.588200
23.581000 -0.587973
23.591000 -0.587745
23.601000 -0.587522
23.611000 -0.587299
23.621000 -0.587075
23.631000 -0.586851
23.641000 -0.586627
23.651000 -0.586403
23.661000 -0.586179
23.671000 -0.585959
23.681000 -0.585738
23.691000 -0.585517
23.701000 -0.585296
23.711000 -0.585075
23.721000 -0.584854
23.731000 -0.584633
23.741000 -0.584411
23.751000 -0.584194
23.761000 -0.583976
23.771000 -0.583758
23.781000 -0.583540
23.791000 -0.583322
23.801000 -0.583103
23.811000 -0.582885
23.821000 -0.582670
23.831000 -0.582455
23.841000 -0.582240
23.851000 -0.582025
23.861000 -0.581810
23.871000 -0.581595
23.881000 -0.581379
23.891000 -0.581163
23.901000 -0.580952
23.911000 -0.580740
23.921000 -0.580528
23.931000 -0.580316
23.941000 -0.580103
23.951000 -0.579891
23.961000 -0.579678
23.971000 -0.579465
23.981000 -0.579256
23.991000 -0.579047
24.001000 -0.578838
24.011000 -0.578629
24.021000 -0.578420
24.031000 -0.578210
24.041000 -0.578000
24.051000 -0.577790
24.061000 -0.577580
24.071000 -0.577374
24.081000 -0.577168
24.091000 -0.576962
24.101000 -0.576756
24.111000 -0.576549
24.121000 -0.576342
24.131000 -0.576135
24.141000 -0.575928
24.151000 -0.575725
24.161000 -0.575522
24.171000 -0.575319
24.181000 -0.575116
24.191000 -0.574912
24.201000 -0.574708
24.211000 -0.574504
24.221000 -0.574300
24.231000 -0.574096
24.241000 -0.573896
24.251000 -0.573696
24.261000 -0.573496
24.271000 -0.573295
24.281000 -0.573095
24.291000 -0.572894
24.301000 -0.572693
24.311000 -0.572492
24.321000 -0.572291
24.331000 -0.572094
24.341000 -0.571897
24.351000 -0.571699
24.361000 -0.571502
24.371000 -0.571304
24.381000 -0.571107
24.391000 -0.570909
24.401000 -0.570710
24.411000 -0.570512
24.421000 -0.570318
24.431000 -0.570124
24.441000 -0.569930
24.451000 -0.569736
24.461000 -0.569541
24.471000 -0.569346
24.481000 -0.569152
24.491000 -0.568956
24.501000 -0.568761
24.511000 -0.568566
24.521000 -0.568375
24.531000 -0.568184
24.541000 -0.567993
24.551000 -0.567801
24.561000 -0.567610
24.571000 -0.567418
24.581000 -0.567226
24.591000 -0.567034
24.601000 -0.566842
24.611000 -0.566649
24.621000 -0.566461
24.631000 -0.566273
24.641000 -0.566085
24.651000 -0.565897
24.661000 -0.565708
24.671000 -0.565519
24.681000 -0.565331
24.691000 -0.565142
24.701000 -0.564952
24.711000 -0.564763
24.721000 -0.564578
24.731000 -0.564393
24.741000 -0.564208
24.751000 -0.564023
24.761000 -0.563837
24.771000 -0.563652
24.781000 -0.563466
24.791000 -0.563280
24.801000 -0.563094
24.811000 -0.562908
24.821000 -0.562726
24.831000 -0.562544
24.841000 -0.562362
24.851000 -0.562180
24.861000 -0.561998
24.871000 -0.561816
24.881000 -0.561633
24.891000 -0.561450
24.901000 -0.561268
24.911000 -0.561085
24.921000 -0.560901
24.931000 -0.560723
24.941000 -0.560544
24.951000 -0.560365
24.961000 -0.560186
24.971000 -0.560007
24.981000 -0.559828
