0.001000 -22.240999
0.011000 -22.240999
0.021000 -22.241004
0.031000 -22.241020
0.041000 -22.241057
0.051000 -22.241120
0.061000 -22.126352
0.071000 -22.126493
0.081000 -22.126683
0.091000 -22.126932
0.101000 -22.127245
0.111000 -22.127631
0.121000 -22.128097
0.131000 -22.128651
0.141000 -22.129300
0.151000 -22.130053
0.161000 -22.245782
0.171000 -22.246763
0.181000 -22.247870
0.191000 -22.249109
0.201000 -22.250490
0.211000 -22.252018
0.221000 -22.253703
0.231000 -22.255551
0.241000 -22.257570
0.251000 -22.259768
0.261000 -22.262152
0.271000 -22.264729
0.281000 -22.267508
0.291000 -22.270496
0.301000 -22.273700
0.311000 -22.277128
0.321000 -22.280788
0.331000 -22.284687
0.341000 -22.288832
0.351000 -22.293232
0.361000 -22.297894
0.371000 -22.302825
0.381000 -22.308033
0.391000 -22.313526
0.401000 -22.319310
0.411000 -22.325395
0.421000 -22.331787
0.431000 -22.338493
0.441000 -22.345522
0.451000 -22.352881
0.461000 -22.360577
0.471000 -22.368619
0.481000 -22.377013
0.491000 -22.385767
0.501000 -22.394889
0.511000 -22.404386
0.521000 -22.414267
0.531000 -22.424538
0.541000 -22.435207
0.551000 -22.446281
0.561000 -22.457769
0.571000 -22.469677
0.581000 -22.482014
0.591000 -22.494787
0.601000 -22.508003
0.611000 -22.521670
0.621000 -22.535796
0.631000 -22.550388
0.641000 -22.565454
0.651000 -22.581001
0.661000 -22.597037
0.671000 -22.613569
0.681000 -22.630605
0.691000 -22.648153
0.701000 -22.666220
0.711000 -22.684814
0.721000 -22.703942
0.731000 -22.723612
0.741000 -22.743831
0.751000 -22.764607
0.761000 -22.785948
0.771000 -22.807861
0.781000 -22.830354
0.791000 -22.853433
0.801000 -22.877108
0.811000 -22.901385
0.821000 -22.926272
0.831000 -22.951777
0.841000 -22.977906
0.851000 -23.004669
0.861000 -23.032071
0.871000 -23.060121
0.881000 -23.088827
0.891000 -23.118195
0.901000 -23.148235
0.911000 -23.178952
0.921000 -23.210354
0.931000 -23.242450
0.941000 -23.275247
0.951000 -23.308752
0.961000 -23.342973
0.971000 -23.377917
0.981000 -23.413593
0.991000 -23.450007
1.001000 -23.487167
1.011000 -23.525081
1.021000 -23.563756
1.031000 -23.603200
1.041000 -23.643421
1.051000 -23.684426
1.061000 -23.726222
1.071000 -23.768817
1.081000 -23.812219
1.091000 -23.856435
1.101000 -23.901473
1.111000 -23.947341
1.121000 -23.994045
1.131000 -24.041595
1.141000 -24.089996
1.151000 -24.139257
1.161000 -24.189385
1.171000 -24.240388
1.181000 -24.292273
1.191000 -24.345048
1.201000 -24.398721
1.211000 -24.453299
1.221000 -24.508790
1.231000 -24.565200
1.241000 -24.622539
1.251000 -24.680813
1.261000 -24.740030
1.271000 -24.800197
1.281000 -24.861323
1.291000 -24.923414
1.301000 -24.986478
1.311000 -25.050523
1.321000 -25.115556
1.331000 -25.181585
1.341000 -25.248618
1.351000 -25.316662
1.361000 -25.385724
1.371000 -25.455813
1.381000 -25.526935
1.391000 -25.599099
1.401000 -25.672311
1.411000 -25.746580
1.421000 -25.821913
1.431000 -25.898318
1.441000 -25.975801
1.451000 -26.054372
1.461000 -26.134036
1.471000 -26.214803
1.481000 -26.296679
1.491000 -26.379672
1.501000 -26.463789
1.511000 -26.549039
1.521000 -26.635428
1.531000 -26.722964
1.541000 -26.811656
1.551000 -26.901509
1.561000 -26.992533
1.571000 -27.084734
1.581000 -27.178121
1.591000 -27.272700
1.601000 -27.368479
1.611000 -27.465466
1.621000 -27.563668
1.631000 -27.663093
1.641000 -27.763749
1.651000 -27.865643
1.661000 -27.968783
1.671000 -28.073175
1.681000 -28.178829
1.691000 -28.285751
1.701000 -28.393948
1.711000 -28.503429
1.721000 -28.614202
1.731000 -28.726272
1.741000 -28.839649
1.751000 -28.954340
1.761000 -29.070352
1.771000 -29.187693
1.781000 -29.306371
1.791000 -29.426392
1.801000 -29.547765
1.811000 -29.670497
1.821000 -29.794596
1.831000 -29.920069
1.841000 -30.046924
1.851000 -30.175168
1.861000 -30.304810
1.871000 -30.435856
1.881000 -30.568314
1.891000 -30.702192
1.901000 -30.837497
1.911000 -30.974236
1.921000 -31.112419
1.931000 -31.252051
1.941000 -31.393141
1.951000 -31.535695
1.961000 -31.679723
1.971000 -31.825231
1.981000 -31.972226
1.991000 -32.120717
2.001000 -32.270711
2.011000 -32.422215
2.021000 -32.575237
2.031000 -32.729785
2.041000 -32.885867
2.051000 -33.043489
2.061000 -33.202659
2.071000 -33.363385
2.081000 -33.525675
2.091000 -33.574669
2.101000 -33.740108
2.111000 -33.907134
2.121000 -34.075753
2.131000 -34.245974
2.141000 -34.417803
2.151000 -34.591249
2.161000 -34.766319
2.171000 -34.943021
2.181000 -35.121361
2.191000 -35.301349
2.201000 -35.482991
2.211000 -35.666294
2.221000 -35.851267
2.231000 -36.037917
2.241000 -36.226252
2.251000 -36.416278
2.261000 -36.608005
2.271000 -36.801438
2.281000 -36.996587
2.291000 -37.193458
2.301000 -37.392058
2.311000 -37.592397
2.321000 -37.794480
2.331000 -37.998316
2.341000 -38.203913
2.351000 -38.411277
2.361000 -38.620416
2.371000 -38.831339
2.381000 -39.044052
2.391000 -39.258563
2.401000 -39.474879
2.411000 -39.693009
2.421000 -39.912960
2.431000 -40.134739
2.441000 -40.358354
2.451000 -40.583812
2.461000 -40.811121
2.471000 -41.040290
2.481000 -41.271324
2.491000 -41.504232
2.501000 -41.739021
2.511000 -41.975700
2.521000 -42.214276
2.531000 -42.454757
2.541000 -42.697156
2.551000 -42.941485
2.561000 -43.187766
2.571000 -43.436033
2.581000 -43.686321
2.591000 -43.938737
2.601000 -44.193353
2.611000 -44.450506
2.621000 -44.710438
2.631000 -44.973772
2.641000 -45.241022
2.651000 -45.512427
2.661000 -45.790119
2.671000 -46.074008
2.681000 -46.368897
2.691000 -46.675254
2.701000 -46.996052
2.711000 -47.333933
2.721000 -47.682562
2.731000 -48.059101
2.741000 -48.452213
2.751000 -48.888265
2.761000 -49.351764
2.771000 -49.850177
2.781000 -50.380143
2.791000 -50.918736
2.801000 -51.511885
2.811000 -52.122070
2.821000 -52.803787
2.831000 -53.508929
2.841000 -54.234391
2.851000 -54.991954
2.861000 -55.709822
2.871000 -56.490526
2.881000 -57.254907
2.891000 -58.080166
2.901000 -58.894974
2.911000 -59.680192
2.921000 -60.468440
2.931000 -61.174637
2.941000 -61.921582
2.951000 -62.611783
2.961000 -63.338008
2.971000 -64.000099
2.981000 -64.615162
2.991000 -65.200965
3.001000 -65.699445
3.011000 -66.200715
3.021000 -66.647054
3.031000 -67.077664
3.041000 -67.462937
3.051000 -67.766794
3.061000 -68.055084
3.071000 -68.254201
3.081000 -68.457879
3.091000 -68.596744
3.101000 -68.728624
3.111000 -68.797027
3.121000 -68.828829
3.131000 -68.828252
3.141000 -68.782845
3.151000 -68.721878
3.161000 -68.624558
3.171000 -68.505015
3.181000 -68.360181
3.191000 -68.176519
3.201000 -67.982808
3.211000 -67.753012
3.221000 -67.515795
3.231000 -67.253929
3.241000 -66.979979
3.251000 -66.686891
3.261000 -66.378231
3.271000 -66.058921
3.281000 -65.724180
3.291000 -65.382976
3.301000 -65.028341
3.311000 -64.667280
3.321000 -64.297259
3.331000 -63.919296
3.341000 -63.536051
3.351000 -63.145809
3.361000 -62.751473
3.371000 -62.352538
3.381000 -61.949792
3.391000 -61.544017
3.401000 -61.135394
3.411000 -60.724695
3.421000 -60.312370
3.431000 -59.898395
3.441000 -59.484132
3.451000 -59.068612
3.461000 -58.653184
3.471000 -58.237300
3.481000 -57.821501
3.491000 -57.406494
3.501000 -56.992243
3.511000 -56.578702
3.521000 -56.166942
3.531000 -55.755077
3.541000 -55.346074
3.551000 -54.937247
3.561000 -54.531878
3.571000 -54.127086
3.581000 -53.725995
3.591000 -53.325427
3.601000 -52.927698
3.611000 -52.531526
3.621000 -52.137544
3.631000 -51.746911
3.641000 -51.358316
3.651000 -50.972546
3.661000 -50.589167
3.671000 -50.207401
3.681000 -49.829261
3.691000 -49.453030
3.701000 -49.080576
3.711000 -48.710458
3.721000 -48.343557
3.731000 -47.979039
3.741000 -47.617053
3.751000 -47.258141
3.761000 -46.901266
3.771000 -46.549001
3.781000 -46.198250
3.791000 -45.851638
3.801000 -45.506530
3.811000 -45.164258
3.821000 -44.824908
3.831000 -44.488556
3.841000 -44.155280
3.851000 -43.825302
3.861000 -43.497243
3.871000 -43.172671
3.881000 -42.849798
3.891000 -42.530811
3.901000 -42.213720
3.911000 -41.900994
3.921000 -41.589736
3.931000 -41.282282
3.941000 -40.976288
3.951000 -40.673255
3.961000 -40.372909
3.971000 -40.075404
3.981000 -39.780767
3.991000 -39.488894
4.001000 -39.198962
4.011000 -38.912126
4.021000 -38.627124
4.031000 -38.345498
4.041000 -38.065928
4.051000 -37.789671
4.061000 -37.515323
4.071000 -37.243879
4.081000 -36.974356
4.091000 -36.707207
4.101000 -36.442838
4.111000 -36.180601
4.121000 -35.921375
4.131000 -35.664073
4.141000 -35.408973
4.151000 -35.156178
4.161000 -34.905470
4.171000 -34.657374
4.181000 -34.411614
4.191000 -34.168049
4.201000 -33.926810
4.211000 -33.687422
4.221000 -33.450401
4.231000 -33.215175
4.241000 -32.982696
4.251000 -32.751878
4.261000 -32.523805
4.271000 -32.297197
4.281000 -32.072787
4.291000 -31.850189
4.301000 -31.629642
4.311000 -31.411202
4.321000 -31.194865
4.331000 -30.980269
4.341000 -30.767819
4.351000 -30.556876
4.361000 -30.348162
4.371000 -30.140985
4.381000 -29.936131
4.391000 -29.732784
4.401000 -29.531688
4.411000 -29.331995
4.421000 -29.134187
4.431000 -28.938027
4.441000 -28.743581
4.451000 -28.551061
4.461000 -28.360226
4.471000 -28.171009
4.481000 -27.983514
4.491000 -27.797425
4.501000 -27.613178
4.511000 -27.430449
4.521000 -27.249498
4.531000 -27.070106
4.541000 -26.892312
4.551000 -26.716021
4.561000 -26.541178
4.571000 -26.367968
4.581000 -26.196136
4.591000 -26.026074
4.601000 -25.857323
4.611000 -25.690112
4.621000 -25.524238
4.631000 -25.359736
4.641000 -25.196703
4.651000 -25.035091
4.661000 -24.874870
4.671000 -24.716097
4.681000 -24.558563
4.691000 -24.402472
4.701000 -24.247561
4.711000 -24.094133
4.721000 -23.941863
4.731000 -23.791130
4.741000 -23.641513
4.751000 -23.493271
4.761000 -23.346163
4.771000 -23.200273
4.781000 -23.055640
4.791000 -22.912245
4.801000 -22.770045
4.811000 -22.629095
4.821000 -22.489186
4.831000 -22.350531
4.841000 -22.212921
4.851000 -22.076568
4.861000 -21.941300
4.871000 -21.807251
4.881000 -21.674256
4.891000 -21.542374
4.901000 -21.411548
4.911000 -21.281753
4.921000 -21.153092
4.931000 -21.025461
4.941000 -20.898913
4.951000 -20.773383
4.961000 -20.648812
4.971000 -20.525274
4.981000 -20.402699
4.991000 -20.281152
5.001000 -20.160599
5.011000 -20.041019
5.021000 -19.922419
5.031000 -19.804733
5.041000 -19.688021
5.051000 -19.572182
5.061000 -19.457355
5.071000 -19.343400
5.081000 -19.230419
5.091000 -19.118296
5.101000 -19.007039
5.111000 -18.896651
5.121000 -18.787127
5.131000 -18.678475
5.141000 -18.570715
5.151000 -18.463761
5.161000 -18.357676
5.171000 -18.252364
5.181000 -18.147911
5.191000 -18.044242
5.201000 -17.941441
5.211000 -17.839423
5.221000 -17.738232
5.231000 -17.637801
5.241000 -17.538124
5.251000 -17.439215
5.261000 -17.341060
5.271000 -17.243675
5.281000 -17.147051
5.291000 -17.051139
5.301000 -16.955965
5.311000 -16.861483
5.321000 -16.767733
5.331000 -16.674691
5.341000 -16.582373
5.351000 -16.490760
5.361000 -16.399845
5.371000 -16.309616
5.381000 -16.220044
5.391000 -16.131156
5.401000 -16.042925
5.411000 -15.955379
5.421000 -15.868494
5.431000 -15.782243
5.441000 -15.696625
5.451000 -15.611621
5.461000 -15.527247
5.471000 -15.443512
5.481000 -15.360396
5.491000 -15.277905
5.501000 -15.196007
5.511000 -15.114711
5.521000 -15.033998
5.531000 -14.953890
5.541000 -14.874372
5.551000 -14.795455
5.561000 -14.717121
5.571000 -14.639343
5.581000 -14.562121
5.591000 -14.485444
5.601000 -14.409319
5.611000 -14.333757
5.621000 -14.258734
5.631000 -14.184252
5.641000 -14.110292
5.651000 -14.036853
5.661000 -13.963940
5.671000 -13.891550
5.681000 -13.819687
5.691000 -13.748343
5.701000 -13.677516
5.711000 -13.607182
5.721000 -13.537343
5.731000 -13.467988
5.741000 -13.399121
5.751000 -13.330755
5.761000 -13.262866
5.771000 -13.195451
5.781000 -13.128495
5.791000 -13.061992
5.801000 -12.995960
5.811000 -12.930388
5.821000 -12.865286
5.831000 -12.800637
5.841000 -12.736436
5.851000 -12.672674
5.861000 -12.609346
5.871000 -12.546461
5.881000 -12.484009
5.891000 -12.422008
5.901000 -12.360424
5.911000 -12.299265
5.921000 -12.238506
5.931000 -12.178152
5.941000 -12.118213
5.951000 -12.058682
5.961000 -11.999558
5.971000 -11.940835
5.981000 -11.882496
5.991000 -11.824558
6.001000 -11.766998
6.011000 -11.709841
6.021000 -11.653061
6.031000 -11.596686
6.041000 -11.540679
6.051000 -11.485055
6.061000 -11.429788
6.071000 -11.374880
6.081000 -11.320345
6.091000 -11.266172
6.101000 -11.212361
6.111000 -11.158905
6.121000 -11.105782
6.131000 -11.053017
6.141000 -11.000586
6.151000 -10.948518
6.161000 -10.896791
6.171000 -10.845415
6.181000 -10.794371
6.191000 -10.743659
6.201000 -10.693275
6.211000 -10.643210
6.221000 -10.593488
6.231000 -10.544083
6.241000 -10.495008
6.251000 -10.446241
6.261000 -10.397774
6.271000 -10.349622
6.281000 -10.301772
6.291000 -10.254238
6.301000 -10.207011
6.311000 -10.160080
6.321000 -10.113456
6.331000 -10.067118
6.341000 -10.021087
6.351000 -9.975334
6.361000 -9.929897
6.371000 -9.884735
6.381000 -9.839879
6.391000 -9.795292
6.401000 -9.750980
6.411000 -9.706946
6.421000 -9.663185
6.431000 -9.619705
6.441000 -9.576502
6.451000 -9.533554
6.461000 -9.490884
6.471000 -9.448459
6.481000 -9.406318
6.491000 -9.364429
6.501000 -9.322821
6.511000 -9.281465
6.521000 -9.240376
6.531000 -9.199532
6.541000 -9.158933
6.551000 -9.118590
6.561000 -9.078490
6.571000 -9.038647
6.581000 -8.999046
6.591000 -8.959675
6.601000 -8.920548
6.611000 -8.881644
6.621000 -8.842991
6.631000 -8.804568
6.641000 -8.766385
6.651000 -8.728435
6.661000 -8.690712
6.671000 -8.653223
6.681000 -8.615948
6.691000 -8.578913
6.701000 -8.542088
6.711000 -8.505507
6.721000 -8.469134
6.731000 -8.432978
6.741000 -8.397033
6.751000 -8.361293
6.761000 -8.325775
6.771000 -8.290471
6.781000 -8.255371
6.791000 -8.220489
6.801000 -8.185793
6.811000 -8.151320
6.821000 -8.117034
6.831000 -8.082974
6.841000 -8.049103
6.851000 -8.015453
6.861000 -7.981989
6.871000 -7.948721
6.881000 -7.915645
6.891000 -7.882755
6.901000 -7.850066
6.911000 -7.817569
6.921000 -7.785252
6.931000 -7.753130
6.941000 -7.721174
6.951000 -7.689420
6.961000 -7.657836
6.971000 -7.626450
6.981000 -7.595239
6.991000 -7.564218
7.001000 -7.533373
7.011000 -7.502702
7.021000 -7.472211
7.031000 -7.441884
7.041000 -7.411747
7.051000 -7.381776
7.061000 -7.351977
7.071000 -7.322346
7.081000 -7.292869
7.091000 -7.263568
7.101000 -7.234430
7.111000 -7.205461
7.121000 -7.176662
7.131000 -7.148016
7.141000 -7.119540
7.151000 -7.091211
7.161000 -7.063058
7.171000 -7.035050
7.181000 -7.007222
7.191000 -6.979538
7.201000 -6.952017
7.211000 -6.924641
7.221000 -6.897411
7.231000 -6.870337
7.241000 -6.843413
7.251000 -6.816637
7.261000 -6.790016
7.271000 -6.763524
7.281000 -6.737194
7.291000 -6.710992
7.301000 -6.684953
7.311000 -6.659045
7.321000 -6.633297
7.331000 -6.607682
7.341000 -6.582215
7.351000 -6.556884
7.361000 -6.531683
7.371000 -6.506629
7.381000 -6.481706
7.391000 -6.456923
7.401000 -6.432277
7.411000 -6.407748
7.421000 -6.383363
7.431000 -6.359097
7.441000 -6.334975
7.451000 -6.310982
7.461000 -6.287121
7.471000 -6.263391
7.481000 -6.239783
7.491000 -6.216309
7.501000 -6.192949
7.511000 -6.169731
7.521000 -6.146629
7.531000 -6.123660
7.541000 -6.100808
7.551000 -6.078070
7.561000 -6.055456
7.571000 -6.032957
7.581000 -6.010581
7.591000 -5.988327
7.601000 -5.966181
7.611000 -5.944162
7.621000 -5.922245
7.631000 -5.900459
7.641000 -5.878774
7.651000 -5.857222
7.661000 -5.835770
7.671000 -5.814446
7.681000 -5.793225
7.691000 -5.772113
7.701000 -5.751113
7.711000 -5.730217
7.721000 -5.709435
7.731000 -5.688765
7.741000 -5.668189
7.751000 -5.647729
7.761000 -5.627359
7.771000 -5.607109
7.781000 -5.586956
7.791000 -5.566920
7.801000 -5.546982
7.811000 -5.527152
7.821000 -5.507422
7.831000 -5.487788
7.841000 -5.468263
7.851000 -5.448830
7.861000 -5.429507
7.871000 -5.410279
7.881000 -5.391142
7.891000 -5.372107
7.901000 -5.353157
7.911000 -5.334313
7.921000 -5.315562
7.931000 -5.296906
7.941000 -5.278348
7.951000 -5.259877
7.961000 -5.241509
7.971000 -5.223222
7.981000 -5.205042
7.991000 -5.186940
8.001000 -5.168946
8.011000 -5.151033
8.021000 -5.133212
8.031000 -5.115479
8.041000 -5.097827
8.051000 -5.080268
8.061000 -5.062800
8.071000 -5.045412
8.081000 -5.028119
8.091000 -5.010895
8.101000 -4.993771
8.111000 -4.976719
8.121000 -4.959768
8.131000 -4.942892
8.141000 -4.926112
8.151000 -4.909408
8.161000 -4.892787
8.171000 -4.876248
8.181000 -4.859785
8.191000 -4.843409
8.201000 -4.827112
8.211000 -4.810891
8.221000 -4.794754
8.231000 -4.778681
8.241000 -4.762698
8.251000 -4.746785
8.261000 -4.730957
8.271000 -4.715203
8.281000 -4.699527
8.291000 -4.683930
8.301000 -4.668403
8.311000 -4.652959
8.321000 -4.637580
8.331000 -4.622288
8.341000 -4.607062
8.351000 -4.591913
8.361000 -4.576836
8.371000 -4.561823
8.381000 -4.546886
8.391000 -4.532019
8.401000 -4.517224
8.411000 -4.502505
8.421000 -4.487846
8.431000 -4.473266
8.441000 -4.458744
8.451000 -4.444304
8.461000 -4.429923
8.471000 -4.415625
8.481000 -4.401387
8.491000 -4.387222
8.501000 -4.373120
8.511000 -4.359080
8.521000 -4.345110
8.531000 -4.331205
8.541000 -4.317363
8.551000 -4.303591
8.561000 -4.289871
8.571000 -4.276226
8.581000 -4.262633
8.591000 -4.249115
8.601000 -4.235654
8.611000 -4.222263
8.621000 -4.208931
8.631000 -4.195665
8.641000 -4.182460
8.651000 -4.169311
8.661000 -4.156230
8.671000 -4.143205
8.681000 -4.130244
8.691000 -4.117343
8.701000 -4.104493
8.711000 -4.091707
8.721000 -4.078974
8.731000 -4.066305
8.741000 -4.053695
8.751000 -4.041141
8.761000 -4.028649
8.771000 -4.016207
8.781000 -4.003830
8.791000 -3.991501
8.801000 -3.979240
8.811000 -3.967028
8.821000 -3.954880
8.831000 -3.942782
8.841000 -3.930736
8.851000 -3.918747
8.861000 -3.906808
8.871000 -3.894926
8.881000 -3.883100
8.891000 -3.871318
8.901000 -3.859598
8.911000 -3.847919
8.921000 -3.836305
8.931000 -3.824733
8.941000 -3.813226
8.951000 -3.801762
8.961000 -3.790358
8.971000 -3.779001
8.981000 -3.767694
8.991000 -3.756439
9.001000 -3.745229
9.011000 -3.734075
9.021000 -3.722970
9.031000 -3.711908
9.041000 -3.700901
9.051000 -3.689931
9.061000 -3.679020
9.071000 -3.668152
9.081000 -3.657339
9.091000 -3.646572
9.101000 -3.635853
9.111000 -3.625182
9.121000 -3.614554
9.131000 -3.603979
9.141000 -3.593444
9.151000 -3.582965
9.161000 -3.572527
9.171000 -3.562133
9.181000 -3.551785
9.191000 -3.541477
9.201000 -3.531218
9.211000 -3.521002
9.221000 -3.510830
9.231000 -3.500706
9.241000 -3.490619
9.251000 -3.480583
9.261000 -3.470583
9.271000 -3.460636
9.281000 -3.450724
9.291000 -3.440865
9.301000 -3.431043
9.311000 -3.421266
9.321000 -3.411529
9.331000 -3.401831
9.341000 -3.392177
9.351000 -3.382565
9.361000 -3.372990
9.371000 -3.363462
9.381000 -3.353963
9.391000 -3.344515
9.401000 -3.335098
9.411000 -3.325732
9.421000 -3.316401
9.431000 -3.307117
9.441000 -3.297868
9.451000 -3.288659
9.461000 -3.279490
9.471000 -3.270356
9.481000 -3.261266
9.491000 -3.252212
9.501000 -3.243196
9.511000 -3.234220
9.521000 -3.225272
9.531000 -3.216369
9.541000 -3.207499
9.551000 -3.198670
9.561000 -3.189878
9.571000 -3.181121
9.581000 -3.172403
9.591000 -3.163718
9.601000 -3.155077
9.611000 -3.146463
9.621000 -3.137895
9.631000 -3.129357
9.641000 -3.120858
9.651000 -3.112393
9.661000 -3.103958
9.671000 -3.095562
9.681000 -3.087199
9.691000 -3.078871
9.701000 -3.070581
9.711000 -3.062317
9.721000 -3.054094
9.731000 -3.045896
9.741000 -3.037742
9.751000 -3.029615
9.761000 -3.021530
9.771000 -3.013474
9.781000 -3.005455
9.791000 -2.997467
9.801000 -2.989508
9.811000 -2.981585
9.821000 -2.973692
9.831000 -2.965832
9.841000 -2.958006
9.851000 -2.950204
9.861000 -2.942440
9.871000 -2.934700
9.881000 -2.927000
9.891000 -2.919325
9.901000 -2.911687
9.911000 -2.904078
9.921000 -2.896500
9.931000 -2.888954
9.941000 -2.881435
9.951000 -2.873952
9.961000 -2.866494
9.971000 -2.859071
9.981000 -2.851677
9.991000 -2.844307
10.001000 -2.836970
10.011000 -2.829659
10.021000 -2.822379
10.031000 -2.815130
10.041000 -2.807907
10.051000 -2.800717
10.061000 -2.793550
10.071000 -2.786417
10.081000 -2.779306
10.091000 -2.772233
10.101000 -2.765182
10.111000 -2.758165
10.121000 -2.751173
10.131000 -2.744207
10.141000 -2.737270
10.151000 -2.730358
10.161000 -2.723474
10.171000 -2.716619
10.181000 -2.709785
10.191000 -2.702984
10.201000 -2.696201
10.211000 -2.689453
10.221000 -2.682726
10.231000 -2.676032
10.241000 -2.669359
10.251000 -2.662717
10.261000 -2.656100
10.271000 -2.649508
10.281000 -2.642943
10.291000 -2.636400
10.301000 -2.629887
10.311000 -2.623398
10.321000 -2.616931
10.331000 -2.610492
10.341000 -2.604071
10.351000 -2.597681
10.361000 -2.591313
10.371000 -2.584973
10.381000 -2.578657
10.391000 -2.572364
10.401000 -2.566098
10.411000 -2.559852
10.421000 -2.553636
10.431000 -2.547438
10.441000 -2.541271
10.451000 -2.535124
10.461000 -2.529002
10.471000 -2.522902
10.481000 -2.516822
10.491000 -2.510768
10.501000 -2.504737
10.511000 -2.498727
10.521000 -2.492743
10.531000 -2.486776
10.541000 -2.480837
10.551000 -2.474915
10.561000 -2.469023
10.571000 -2.463147
10.581000 -2.457301
10.591000 -2.451473
10.601000 -2.445669
10.611000 -2.439886
10.621000 -2.434123
10.631000 -2.428383
10.641000 -2.422665
10.651000 -2.416967
10.661000 -2.411293
10.671000 -2.405632
10.681000 -2.400000
10.691000 -2.394383
10.701000 -2.388793
10.711000 -2.383222
10.721000 -2.377674
10.731000 -2.372146
10.741000 -2.366638
10.751000 -2.361153
10.761000 -2.355684
10.771000 -2.350242
10.781000 -2.344816
10.791000 -2.339412
10.801000 -2.334028
10.811000 -2.328659
10.821000 -2.323314
10.831000 -2.317985
10.841000 -2.312678
10.851000 -2.307391
10.861000 -2.302121
10.871000 -2.296874
10.881000 -2.291642
10.891000 -2.286435
10.901000 -2.281241
10.911000 -2.276073
10.921000 -2.270920
10.931000 -2.265789
10.941000 -2.260676
10.951000 -2.255579
10.961000 -2.250502
10.971000 -2.245444
10.981000 -2.240403
10.991000 -2.235383
11.001000 -2.230375
11.011000 -2.225391
11.021000 -2.220419
11.031000 -2.215471
11.041000 -2.210537
11.051000 -2.205627
11.061000 -2.200731
11.071000 -2.195856
11.081000 -2.190998
11.091000 -2.186155
11.101000 -2.181332
11.111000 -2.176525
11.121000 -2.171737
11.131000 -2.166966
11.141000 -2.162207
11.151000 -2.157469
11.161000 -2.152743
11.171000 -2.148040
11.181000 -2.143351
11.191000 -2.138680
11.201000 -2.134025
11.211000 -2.129386
11.221000 -2.124767
11.231000 -2.120161
11.241000 -2.115576
11.251000 -2.111003
11.261000 -2.106451
11.271000 -2.101912
11.281000 -2.097389
11.291000 -2.092883
11.301000 -2.088390
11.311000 -2.083915
11.321000 -2.079456
11.331000 -2.075010
11.341000 -2.070583
11.351000 -2.066167
11.361000 -2.061772
11.371000 -2.057387
11.381000 -2.053025
11.391000 -2.048674
11.401000 -2.044343
11.411000 -2.040024
11.421000 -2.035720
11.431000 -2.031432
11.441000 -2.027158
11.451000 -2.022899
11.461000 -2.018657
11.471000 -2.014425
11.481000 -2.010211
11.491000 -2.006006
11.501000 -2.001821
11.511000 -1.997648
11.521000 -1.993493
11.531000 -1.989349
11.541000 -1.985223
11.551000 -1.981110
11.561000 -1.977011
11.571000 -1.972928
11.581000 -1.968856
11.591000 -1.964802
11.601000 -1.960760
11.611000 -1.956731
11.621000 -1.952717
11.631000 -1.948713
11.641000 -1.944726
11.651000 -1.940751
11.661000 -1.936791
11.671000 -1.932845
11.681000 -1.928910
11.691000 -1.924992
11.701000 -1.921084
11.711000 -1.917194
11.721000 -1.913313
11.731000 -1.909451
11.741000 -1.905600
11.751000 -1.901762
11.761000 -1.897937
11.771000 -1.894123
11.781000 -1.890322
11.791000 -1.886536
11.801000 -1.882760
11.811000 -1.879000
11.821000 -1.875247
11.831000 -1.871511
11.841000 -1.867785
11.851000 -1.864075
11.861000 -1.860374
11.871000 -1.856690
11.881000 -1.853016
11.891000 -1.849356
11.901000 -1.845708
11.911000 -1.842070
11.921000 -1.838448
11.931000 -1.834836
11.941000 -1.831236
11.951000 -1.827649
11.961000 -1.824069
11.971000 -1.820506
11.981000 -1.816951
11.991000 -1.813412
12.001000 -1.809883
12.011000 -1.806367
12.021000 -1.802863
12.031000 -1.799369
12.041000 -1.795889
12.051000 -1.792417
12.061000 -1.788962
12.071000 -1.785515
12.081000 -1.782081
12.091000 -1.778659
12.101000 -1.775245
12.111000 -1.771844
12.121000 -1.768453
12.131000 -1.765074
12.141000 -1.761706
12.151000 -1.758348
12.161000 -1.755003
12.171000 -1.751665
12.181000 -1.748344
12.191000 -1.745028
12.201000 -1.741729
12.211000 -1.738437
12.221000 -1.735159
12.231000 -1.731891
12.241000 -1.728632
12.251000 -1.725384
12.261000 -1.722146
12.271000 -1.718919
12.281000 -1.715705
12.291000 -1.712495
12.301000 -1.709300
12.311000 -1.706111
12.321000 -1.702938
12.331000 -1.699772
12.341000 -1.696620
12.351000 -1.693476
12.361000 -1.690343
12.371000 -1.687220
12.381000 -1.684106
12.391000 -1.681005
12.401000 -1.677911
12.411000 -1.674829
12.421000 -1.671757
12.431000 -1.668693
12.441000 -1.665640
12.451000 -1.662594
12.461000 -1.659560
12.471000 -1.656536
12.481000 -1.653521
12.491000 -1.650516
12.501000 -1.647520
12.511000 -1.644536
12.521000 -1.641558
12.531000 -1.638594
12.541000 -1.635635
12.551000 -1.632690
12.561000 -1.629752
12.571000 -1.626824
12.581000 -1.623905
12.591000 -1.620993
12.601000 -1.618093
12.611000 -1.615202
12.621000 -1.612318
12.631000 -1.609446
12.641000 -1.606578
12.651000 -1.603723
12.661000 -1.600874
12.671000 -1.598038
12.681000 -1.595209
12.691000 -1.592392
12.701000 -1.589582
12.711000 -1.586781
12.721000 -1.583989
12.731000 -1.581205
12.741000 -1.578431
12.751000 -1.575666
12.761000 -1.572907
12.771000 -1.570159
12.781000 -1.567415
12.791000 -1.564684
12.801000 -1.561958
12.811000 -1.559244
12.821000 -1.556537
12.831000 -1.553840
12.841000 -1.551151
12.851000 -1.548469
12.861000 -1.545797
12.871000 -1.543132
12.881000 -1.540477
12.891000 -1.537830
12.901000 -1.535191
12.911000 -1.532560
12.921000 -1.529935
12.931000 -1.527320
12.941000 -1.524713
12.951000 -1.522113
12.961000 -1.519523
12.971000 -1.516938
12.981000 -1.514364
12.991000 -1.511796
13.001000 -1.509238
13.011000 -1.506686
13.021000 -1.504145
13.031000 -1.501610
13.041000 -1.499085
13.051000 -1.496566
13.061000 -1.494053
13.071000 -1.491549
13.081000 -1.489053
13.091000 -1.486564
13.101000 -1.484084
13.111000 -1.481607
13.121000 -1.479141
13.131000 -1.476679
13.141000 -1.474230
13.151000 -1.471784
13.161000 -1.469349
13.171000 -1.466920
13.181000 -1.464499
13.191000 -1.462086
13.201000 -1.459678
13.211000 -1.457280
13.221000 -1.454888
13.231000 -1.452504
13.241000 -1.450127
13.251000 -1.447754
13.261000 -1.445391
13.271000 -1.443032
13.281000 -1.440684
13.291000 -1.438342
13.301000 -1.436006
13.311000 -1.433679
13.321000 -1.431356
13.331000 -1.429043
13.341000 -1.426735
13.351000 -1.424437
13.361000 -1.422143
13.371000 -1.419858
13.381000 -1.417580
13.391000 -1.415306
13.401000 -1.413040
13.411000 -1.410780
13.421000 -1.408527
13.431000 -1.406281
13.441000 -1.404041
13.451000 -1.401809
13.461000 -1.399581
13.471000 -1.397364
13.481000 -1.395150
13.491000 -1.392946
13.501000 -1.390746
13.511000 -1.388555
13.521000 -1.386369
13.531000 -1.384189
13.541000 -1.382016
13.551000 -1.379848
13.561000 -1.377688
13.571000 -1.375535
13.581000 -1.373385
13.591000 -1.371244
13.601000 -1.369106
13.611000 -1.366978
13.621000 -1.364854
13.631000 -1.362737
13.641000 -1.360627
13.651000 -1.358523
13.661000 -1.356425
13.671000 -1.354333
13.681000 -1.352250
13.691000 -1.350170
13.701000 -1.348099
13.711000 -1.346031
13.721000 -1.343970
13.731000 -1.341915
13.741000 -1.339864
13.751000 -1.337821
13.761000 -1.335783
13.771000 -1.333750
13.781000 -1.331725
13.791000 -1.329704
13.801000 -1.327692
13.811000 -1.325682
13.821000 -1.323681
13.831000 -1.321683
13.841000 -1.319694
13.851000 -1.317709
13.861000 -1.315730
13.871000 -1.313756
13.881000 -1.311788
13.891000 -1.309826
13.901000 -1.307871
13.911000 -1.305918
13.921000 -1.303974
13.931000 -1.302033
13.941000 -1.300099
13.951000 -1.298170
13.961000 -1.296247
13.971000 -1.294329
13.981000 -1.292419
13.991000 -1.290514
14.001000 -1.288613
14.011000 -1.286718
14.021000 -1.284828
14.031000 -1.282945
14.041000 -1.281066
14.051000 -1.279192
14.061000 -1.277324
14.071000 -1.275458
14.081000 -1.273600
14.091000 -1.271746
14.101000 -1.269899
14.111000 -1.268057
14.121000 -1.266220
14.131000 -1.264388
14.141000 -1.262561
14.151000 -1.260740
14.161000 -1.258923
14.171000 -1.257114
14.181000 -1.255308
14.191000 -1.253508
14.201000 -1.251712
14.211000 -1.249920
14.221000 -1.248135
14.231000 -1.246353
14.241000 -1.244577
14.251000 -1.242807
14.261000 -1.241039
14.271000 -1.239279
14.281000 -1.237521
14.291000 -1.235771
14.301000 -1.234024
14.311000 -1.232284
14.321000 -1.230548
14.331000 -1.228818
14.341000 -1.227092
14.351000 -1.225371
14.361000 -1.223655
14.371000 -1.221942
14.381000 -1.220235
14.391000 -1.218534
14.401000 -1.216833
14.411000 -1.215141
14.421000 -1.213450
14.431000 -1.211767
14.441000 -1.210087
14.451000 -1.208413
14.461000 -1.206742
14.471000 -1.205077
14.481000 -1.203418
14.491000 -1.201761
14.501000 -1.200111
14.511000 -1.198464
14.521000 -1.196822
14.531000 -1.195185
14.541000 -1.193550
14.551000 -1.191921
14.561000 -1.190296
14.571000 -1.188677
14.581000 -1.187062
14.591000 -1.185450
14.601000 -1.183843
14.611000 -1.182239
14.621000 -1.180643
14.631000 -1.179048
14.641000 -1.177460
14.651000 -1.175875
14.661000 -1.174296
14.671000 -1.172721
14.681000 -1.171149
14.691000 -1.169582
14.701000 -1.168019
14.711000 -1.166460
14.721000 -1.164905
14.731000 -1.163354
14.741000 -1.161808
14.751000 -1.160264
14.761000 -1.158728
14.771000 -1.157192
14.781000 -1.155663
14.791000 -1.154137
14.801000 -1.152617
14.811000 -1.151100
14.821000 -1.149588
14.831000 -1.148080
14.841000 -1.146575
14.851000 -1.145075
14.861000 -1.143579
14.871000 -1.142085
14.881000 -1.140597
14.891000 -1.139110
14.901000 -1.137630
14.911000 -1.136153
14.921000 -1.134680
14.931000 -1.133211
14.941000 -1.131747
14.951000 -1.130287
14.961000 -1.128829
14.971000 -1.127377
14.981000 -1.125927
14.991000 -1.124483
15.001000 -1.123042
15.011000 -1.121605
15.021000 -1.120171
15.031000 -1.118740
15.041000 -1.117313
15.051000 -1.115891
15.061000 -1.114471
15.071000 -1.113057
15.081000 -1.111643
15.091000 -1.110237
15.101000 -1.108832
15.111000 -1.107435
15.121000 -1.106038
15.131000 -1.104647
15.141000 -1.103259
15.151000 -1.101874
15.161000 -1.100493
15.171000 -1.099115
15.181000 -1.097741
15.191000 -1.096370
15.201000 -1.095003
15.211000 -1.093640
15.221000 -1.092278
15.231000 -1.090923
15.241000 -1.089569
15.251000 -1.088221
15.261000 -1.086874
15.271000 -1.085533
15.281000 -1.084195
15.291000 -1.082861
15.301000 -1.081530
15.311000 -1.080201
15.321000 -1.078877
15.331000 -1.077557
15.341000 -1.076239
15.351000 -1.074925
15.361000 -1.073612
15.371000 -1.072305
15.381000 -1.071000
15.391000 -1.069700
15.401000 -1.068402
15.411000 -1.067108
15.421000 -1.065817
15.431000 -1.064528
15.441000 -1.063245
15.451000 -1.061964
15.461000 -1.060689
15.471000 -1.059415
15.481000 -1.058145
15.491000 -1.056879
15.501000 -1.055615
15.511000 -1.054355
15.521000 -1.053097
15.531000 -1.051842
15.541000 -1.050592
15.551000 -1.049343
15.561000 -1.048099
15.571000 -1.046856
15.581000 -1.045620
15.591000 -1.044383
15.601000 -1.043152
15.611000 -1.041924
15.621000 -1.040699
15.631000 -1.039476
15.641000 -1.038258
15.651000 -1.037043
15.661000 -1.035831
15.671000 -1.034621
15.681000 -1.033414
15.691000 -1.032209
15.701000 -1.031009
15.711000 -1.029809
15.721000 -1.028615
15.731000 -1.027424
15.741000 -1.026234
15.751000 -1.025049
15.761000 -1.023866
15.771000 -1.022688
15.781000 -1.021511
15.791000 -1.020339
15.801000 -1.019169
15.811000 -1.018003
15.821000 -1.016839
15.831000 -1.015678
15.841000 -1.014519
15.851000 -1.013363
15.861000 -1.012210
15.871000 -1.011061
15.881000 -1.009913
15.891000 -1.008770
15.901000 -1.007627
15.911000 -1.006488
15.921000 -1.005352
15.931000 -1.004220
15.941000 -1.003091
15.951000 -1.001966
15.961000 -1.000841
15.971000 -0.999719
15.981000 -0.998601
15.991000 -0.997486
16.001000 -0.996373
16.011000 -0.995263
16.021000 -0.994155
16.031000 -0.993052
16.041000 -0.991949
16.051000 -0.990851
16.061000 -0.989753
16.071000 -0.988660
16.081000 -0.987569
16.091000 -0.986481
16.101000 -0.985395
16.111000 -0.984312
16.121000 -0.983234
16.131000 -0.982156
16.141000 -0.981083
16.151000 -0.980012
16.161000 -0.978942
16.171000 -0.977877
16.181000 -0.976812
16.191000 -0.975750
16.201000 -0.974691
16.211000 -0.973634
16.221000 -0.972580
16.231000 -0.971528
16.241000 -0.970480
16.251000 -0.969434
16.261000 -0.968392
16.271000 -0.967352
16.281000 -0.966316
16.291000 -0.965281
16.301000 -0.964248
16.311000 -0.963219
16.321000 -0.962190
16.331000 -0.961164
16.341000 -0.960140
16.351000 -0.959120
16.361000 -0.958102
16.371000 -0.957085
16.381000 -0.956073
16.391000 -0.955062
16.401000 -0.954055
16.411000 -0.953050
16.421000 -0.952047
16.431000 -0.951047
16.441000 -0.950050
16.451000 -0.949054
16.461000 -0.948060
16.471000 -0.947070
16.481000 -0.946082
16.491000 -0.945095
16.501000 -0.944112
16.511000 -0.943129
16.521000 -0.942151
16.531000 -0.941174
16.541000 -0.940200
16.551000 -0.939228
16.561000 -0.938258
16.571000 -0.937291
16.581000 -0.936327
16.591000 -0.935365
16.601000 -0.934405
16.611000 -0.933448
16.621000 -0.932493
16.631000 -0.931540
16.641000 -0.930590
16.651000 -0.929640
16.661000 -0.928694
16.671000 -0.927749
16.681000 -0.926806
16.691000 -0.925867
16.701000 -0.924929
16.711000 -0.923994
16.721000 -0.923060
16.731000 -0.922131
16.741000 -0.921201
16.751000 -0.920276
16.761000 -0.919352
16.771000 -0.918432
16.781000 -0.917512
16.791000 -0.916594
16.801000 -0.915678
16.811000 -0.914766
16.821000 -0.913855
16.831000 -0.912947
16.841000 -0.912040
16.851000 -0.911137
16.861000 -0.910232
16.871000 -0.909333
16.881000 -0.908434
16.891000 -0.907539
16.901000 -0.906645
16.911000 -0.905755
16.921000 -0.904865
16.931000 -0.903977
16.941000 -0.903092
16.951000 -0.902208
16.961000 -0.901327
16.971000 -0.900450
16.981000 -0.899571
16.991000 -0.898696
17.001000 -0.897822
17.011000 -0.896952
17.021000 -0.896082
17.031000 -0.895216
17.041000 -0.894351
17.051000 -0.893488
17.061000 -0.892627
17.071000 -0.891768
17.081000 -0.890912
17.091000 -0.890058
17.101000 -0.889207
17.111000 -0.888357
17.121000 -0.887508
17.131000 -0.886661
17.141000 -0.885815
17.151000 -0.884972
17.161000 -0.884133
17.171000 -0.883293
17.181000 -0.882456
17.191000 -0.881620
17.201000 -0.880788
17.211000 -0.879958
17.221000 -0.879130
17.231000 -0.878302
17.241000 -0.877478
17.251000 -0.876654
17.261000 -0.875832
17.271000 -0.875014
17.281000 -0.874196
17.291000 -0.873381
17.301000 -0.872568
17.311000 -0.871755
17.321000 -0.870945
17.331000 -0.870137
17.341000 -0.869330
17.351000 -0.868525
17.361000 -0.867723
17.371000 -0.866922
17.381000 -0.866123
17.391000 -0.865327
17.401000 -0.864533
17.411000 -0.863740
17.421000 -0.862948
17.431000 -0.862161
17.441000 -0.861372
17.451000 -0.860587
17.461000 -0.859803
17.471000 -0.859019
17.481000 -0.858238
17.491000 -0.857459
17.501000 -0.856681
17.511000 -0.855907
17.521000 -0.855132
17.531000 -0.854360
17.541000 -0.853590
17.551000 -0.852822
17.561000 -0.852055
17.571000 -0.851292
17.581000 -0.850530
17.591000 -0.849770
17.601000 -0.849011
17.611000 -0.848254
17.621000 -0.847498
17.631000 -0.846744
17.641000 -0.845991
17.651000 -0.845240
17.661000 -0.844490
17.671000 -0.843742
17.681000 -0.842995
17.691000 -0.842252
17.701000 -0.841508
17.711000 -0.840768
17.721000 -0.840030
17.731000 -0.839293
17.741000 -0.838558
17.751000 -0.837825
17.761000 -0.837092
17.771000 -0.836362
17.781000 -0.835633
17.791000 -0.834906
17.801000 -0.834180
17.811000 -0.833456
17.821000 -0.832733
17.831000 -0.832012
17.841000 -0.831293
17.851000 -0.830575
17.861000 -0.829858
17.871000 -0.829144
17.881000 -0.828431
17.891000 -0.826933
17.901000 -0.826226
17.911000 -0.825520
17.921000 -0.824816
17.931000 -0.824113
17.941000 -0.823413
17.951000 -0.822713
17.961000 -0.822016
17.971000 -0.821320
17.981000 -0.820624
17.991000 -0.819931
18.001000 -0.819238
18.011000 -0.818549
18.021000 -0.817859
18.031000 -0.817173
18.041000 -0.816487
18.051000 -0.815805
18.061000 -0.815122
18.071000 -0.814440
18.081000 -0.813761
18.091000 -0.813083
18.101000 -0.812406
18.111000 -0.811732
18.121000 -0.811057
18.131000 -0.810386
18.141000 -0.809714
18.151000 -0.809044
18.161000 -0.808376
18.171000 -0.807710
18.181000 -0.807045
18.191000 -0.806382
18.201000 -0.805721
18.211000 -0.805059
18.221000 -0.804401
18.231000 -0.803743
18.241000 -0.803087
18.251000 -0.802432
18.261000 -0.801779
18.271000 -0.801128
18.281000 -0.800476
18.291000 -0.799826
18.301000 -0.799178
18.311000 -0.798532
18.321000 -0.797887
18.331000 -0.797244
18.341000 -0.796604
18.351000 -0.795962
18.361000 -0.795325
18.371000 -0.794687
18.381000 -0.794051
18.391000 -0.793417
18.401000 -0.792785
18.411000 -0.792152
18.421000 -0.791521
18.431000 -0.790892
18.441000 -0.790264
18.451000 -0.789636
18.461000 -0.789010
18.471000 -0.788386
18.481000 -0.787764
18.491000 -0.787141
18.501000 -0.786523
18.511000 -0.785904
18.521000 -0.785286
18.531000 -0.784671
18.541000 -0.784058
18.551000 -0.783444
18.561000 -0.782832
18.571000 -0.782222
18.581000 -0.781614
18.591000 -0.781005
18.601000 -0.780398
18.611000 -0.779790
18.621000 -0.779188
18.631000 -0.778584
18.641000 -0.777983
18.651000 -0.777383
18.661000 -0.776783
18.671000 -0.776184
18.681000 -0.775588
18.691000 -0.774994
18.701000 -0.774399
18.711000 -0.773806
18.721000 -0.773215
18.731000 -0.772627
18.741000 -0.772037
18.751000 -0.771450
18.761000 -0.770864
18.771000 -0.770278
18.781000 -0.769694
18.791000 -0.769112
18.801000 -0.768530
18.811000 -0.767949
18.821000 -0.767371
18.831000 -0.766795
18.841000 -0.766218
18.851000 -0.765643
18.861000 -0.765070
18.871000 -0.764497
18.881000 -0.763925
18.891000 -0.763356
18.901000 -0.762786
18.911000 -0.762218
18.921000 -0.761653
18.931000 -0.761086
18.941000 -0.760522
18.951000 -0.759960
18.961000 -0.759398
18.971000 -0.758837
18.981000 -0.758276
18.991000 -0.757717
19.001000 -0.757160
19.011000 -0.756606
19.021000 -0.756051
19.031000 -0.755497
19.041000 -0.754947
19.051000 -0.754395
19.061000 -0.753846
19.071000 -0.753296
19.081000 -0.752748
19.091000 -0.752203
19.101000 -0.751656
19.111000 -0.751112
19.121000 -0.750568
19.131000 -0.750026
19.141000 -0.749486
19.151000 -0.748945
19.161000 -0.748406
19.171000 -0.747867
19.181000 -0.747331
19.191000 -0.746796
19.201000 -0.746264
19.211000 -0.745731
19.221000 -0.745197
19.231000 -0.744666
19.241000 -0.744137
19.251000 -0.743608
19.261000 -0.743080
19.271000 -0.742552
19.281000 -0.742027
19.291000 -0.741501
19.301000 -0.740977
19.311000 -0.740455
19.321000 -0.739936
19.331000 -0.739416
19.341000 -0.738899
19.351000 -0.738381
19.361000 -0.737865
19.371000 -0.737349
19.381000 -0.736835
19.391000 -0.736320
19.401000 -0.735808
19.411000 -0.735295
19.421000 -0.734785
19.431000 -0.734274
19.441000 -0.733765
19.451000 -0.733259
19.461000 -0.732752
19.471000 -0.732248
19.481000 -0.731743
19.491000 -0.731240
19.501000 -0.730737
19.511000 -0.730236
19.521000 -0.729735
19.531000 -0.729236
19.541000 -0.728740
19.551000 -0.728243
19.561000 -0.727748
19.571000 -0.727253
19.581000 -0.726760
19.591000 -0.726267
19.601000 -0.725776
19.611000 -0.725285
19.621000 -0.724793
19.631000 -0.724303
19.641000 -0.723813
19.651000 -0.723326
19.661000 -0.722841
19.671000 -0.722355
19.681000 -0.721872
19.691000 -0.721388
19.701000 -0.720907
19.711000 -0.720425
19.721000 -0.719946
19.731000 -0.719466
19.741000 -0.718989
19.751000 -0.718511
19.761000 -0.718033
19.771000 -0.717557
19.781000 -0.717081
19.791000 -0.716607
19.801000 -0.716136
19.811000 -0.715664
19.821000 -0.715195
19.831000 -0.714725
19.841000 -0.714258
19.851000 -0.713790
19.861000 -0.713325
19.871000 -0.712859
19.881000 -0.712393
19.891000 -0.711929
19.901000 -0.711465
19.911000 -0.711004
19.921000 -0.710542
19.931000 -0.710082
19.941000 -0.709622
19.951000 -0.709165
19.961000 -0.708707
19.971000 -0.708251
19.981000 -0.707796
19.991000 -0.707339
20.001000 -0.706886
20.011000 -0.706432
20.021000 -0.705980
20.031000 -0.705528
20.041000 -0.705079
20.051000 -0.704629
20.061000 -0.704182
20.071000 -0.703734
20.081000 -0.703289
20.091000 -0.702843
20.101000 -0.702397
20.111000 -0.701954
20.121000 -0.701510
20.131000 -0.701069
20.141000 -0.700627
20.151000 -0.700188
20.161000 -0.699749
20.171000 -0.699312
20.181000 -0.698875
20.191000 -0.698437
20.201000 -0.698002
20.211000 -0.697567
20.221000 -0.697134
20.231000 -0.696701
20.241000 -0.696267
20.251000 -0.695836
20.261000 -0.695405
20.271000 -0.694973
20.281000 -0.694544
20.291000 -0.694114
20.301000 -0.693687
20.311000 -0.693260
20.321000 -0.692836
20.331000 -0.692410
20.341000 -0.691985
20.351000 -0.691562
20.361000 -0.691139
20.371000 -0.690716
20.381000 -0.690295
20.391000 -0.689874
20.401000 -0.689455
20.411000 -0.689036
20.421000 -0.688617
20.431000 -0.688200
20.441000 -0.687783
20.451000 -0.687369
20.461000 -0.686954
20.471000 -0.686543
20.481000 -0.686130
20.491000 -0.685718
20.501000 -0.685308
20.511000 -0.684897
20.521000 -0.684487
20.531000 -0.684079
20.541000 -0.683671
20.551000 -0.683265
20.561000 -0.682859
20.571000 -0.682453
20.581000 -0.682046
20.591000 -0.681642
20.601000 -0.681238
20.611000 -0.680836
20.621000 -0.680435
20.631000 -0.680036
20.641000 -0.679636
20.651000 -0.679236
20.661000 -0.678839
20.671000 -0.678442
20.681000 -0.678044
20.691000 -0.677649
20.701000 -0.677254
20.711000 -0.676858
20.721000 -0.676462
20.731000 -0.676069
20.741000 -0.675676
20.751000 -0.675285
20.761000 -0.674894
20.771000 -0.674503
20.781000 -0.674114
20.791000 -0.673725
20.801000 -0.673339
20.811000 -0.672953
20.821000 -0.672566
20.831000 -0.672182
20.841000 -0.671798
20.851000 -0.671413
20.861000 -0.671028
20.871000 -0.670646
20.881000 -0.670264
20.891000 -0.669881
20.901000 -0.669501
20.911000 -0.669121
20.921000 -0.668744
20.931000 -0.668366
20.941000 -0.667988
20.951000 -0.667610
20.961000 -0.667235
20.971000 -0.666859
20.981000 -0.666483
20.991000 -0.666110
21.001000 -0.665736
21.011000 -0.665362
21.021000 -0.664992
21.031000 -0.664620
21.041000 -0.664249
21.051000 -0.663877
21.061000 -0.663508
21.071000 -0.663139
21.081000 -0.662773
21.091000 -0.662406
21.101000 -0.662039
21.111000 -0.661675
21.121000 -0.661311
21.131000 -0.660946
21.141000 -0.660581
21.151000 -0.660220
21.161000 -0.659857
21.171000 -0.659495
21.181000 -0.659135
21.191000 -0.658775
21.201000 -0.658415
21.211000 -0.658058
21.221000 -0.657700
21.231000 -0.657343
21.241000 -0.656984
21.251000 -0.656629
21.261000 -0.656274
21.271000 -0.655918
21.281000 -0.655565
21.291000 -0.655212
21.301000 -0.654859
21.311000 -0.654509
21.321000 -0.654158
21.331000 -0.653807
21.341000 -0.653456
21.351000 -0.653108
21.361000 -0.652760
21.371000 -0.652411
21.381000 -0.652062
21.391000 -0.651716
21.401000 -0.651369
21.411000 -0.651023
21.421000 -0.650679
21.431000 -0.650336
21.441000 -0.649992
21.451000 -0.649651
21.461000 -0.649309
21.471000 -0.648968
21.481000 -0.648626
21.491000 -0.648287
21.501000 -0.647948
21.511000 -0.647609
21.521000 -0.647269
21.531000 -0.646933
21.541000 -0.646596
21.551000 -0.646259
21.561000 -0.645921
21.571000 -0.645587
21.581000 -0.645252
21.591000 -0.644918
21.601000 -0.644586
21.611000 -0.644254
21.621000 -0.643922
21.631000 -0.643589
21.641000 -0.643260
21.651000 -0.642930
21.661000 -0.642601
21.671000 -0.642270
21.681000 -0.641940
21.691000 -0.641612
21.701000 -0.641285
21.711000 -0.640957
21.721000 -0.640632
21.731000 -0.640308
21.741000 -0.639982
21.751000 -0.639657
21.761000 -0.639335
21.771000 -0.639012
21.781000 -0.638689
21.791000 -0.638366
21.801000 -0.638046
21.811000 -0.637726
21.821000 -0.637406
21.831000 -0.637085
21.841000 -0.636768
21.851000 -0.636450
21.861000 -0.636132
21.871000 -0.635814
21.881000 -0.635499
21.891000 -0.635184
21.901000 -0.634868
21.911000 -0.634552
21.921000 -0.634240
21.931000 -0.633927
21.941000 -0.633614
21.951000 -0.633301
21.961000 -0.632987
21.971000 -0.632677
21.981000 -0.632366
21.991000 -0.632056
22.001000 -0.631744
22.011000 -0.631433
22.021000 -0.631125
22.031000 -0.630817
22.041000 -0.630508
22.051000 -0.630203
22.061000 -0.629898
22.071000 -0.629592
22.081000 -0.629286
22.091000 -0.628984
22.101000 -0.628681
22.111000 -0.628378
22.121000 -0.628074
22.131000 -0.627771
22.141000 -0.627470
22.151000 -0.627170
22.161000 -0.626869
22.171000 -0.626568
22.181000 -0.626267
22.191000 -0.625969
22.201000 -0.625671
22.211000 -0.625372
22.221000 -0.625074
22.231000 -0.624778
22.241000 -0.624483
22.251000 -0.624187
22.261000 -0.623891
22.271000 -0.623595
22.281000 -0.623302
22.291000 -0.623009
22.301000 -0.622716
22.311000 -0.622422
22.321000 -0.622128
22.331000 -0.621838
22.341000 -0.621548
22.351000 -0.621257
22.361000 -0.620966
22.371000 -0.620674
22.381000 -0.620386
22.391000 -0.620098
22.401000 -0.619810
22.411000 -0.619521
22.421000 -0.619236
22.431000 -0.618951
22.441000 -0.618665
22.451000 -0.618380
22.461000 -0.618093
22.471000 -0.617807
22.481000 -0.617524
22.491000 -0.617241
22.501000 -0.616958
22.511000 -0.616675
22.521000 -0.616391
22.531000 -0.616111
22.541000 -0.615830
22.551000 -0.615549
22.561000 -0.615268
22.571000 -0.614987
22.581000 -0.614710
22.591000 -0.614432
22.601000 -0.614154
22.611000 -0.613875
22.621000 -0.613597
22.631000 -0.613322
22.641000 -0.613047
22.651000 -0.612771
22.661000 -0.612496
22.671000 -0.612220
22.681000 -0.611947
22.691000 -0.611675
22.701000 -0.611402
22.711000 -0.611129
22.721000 -0.610856
22.731000 -0.610582
22.741000 -0.610313
22.751000 -0.610043
22.761000 -0.609772
22.771000 -0.609502
22.781000 -0.609231
22.791000 -0.608964
22.801000 -0.608697
22.811000 -0.608429
22.821000 -0.608161
22.831000 -0.607893
22.841000 -0.607625
22.851000 -0.607361
22.861000 -0.607096
22.871000 -0.606831
22.881000 -0.606566
22.891000 -0.606300
22.901000 -0.606035
22.911000 -0.605773
22.921000 -0.605510
22.931000 -0.605248
22.941000 -0.604985
22.951000 -0.604722
22.961000 -0.604463
22.971000 -0.604204
22.981000 -0.603944
22.991000 -0.603685
23.001000 -0.603425
23.011000 -0.603164
23.021000 -0.602904
23.031000 -0.602647
23.041000 -0.602390
23.051000 -0.602133
23.061000 -0.601876
23.071000 -0.601618
23.081000 -0.601365
23.091000 -0.601111
23.101000 -0.600856
23.111000 -0.600602
23.121000 -0.600347
23.131000 -0.600092
23.141000 -0.599837
23.151000 -0.599586
23.161000 -0.599335
23.171000 -0.599083
23.181000 -0.598831
23.191000 -0.598579
23.201000 -0.598327
23.211000 -0.598078
23.221000 -0.597829
23.231000 -0.597580
23.241000 -0.597331
23.251000 -0.597082
23.261000 -0.596832
23.271000 -0.596587
23.281000 -0.596341
23.291000 -0.596095
23.301000 -0.595848
23.311000 -0.595602
23.321000 -0.595355
23.331000 -0.595108
23.341000 -0.594865
23.351000 -0.594622
23.361000 -0.594378
23.371000 -0.594135
23.381000 -0.593891
23.391000 -0.593647
23.401000 -0.593407
23.411000 -0.593166
23.421000 -0.592926
23.431000 -0.592685
23.441000 -0.592444
23.451000 -0.592203
23.461000 -0.591961
23.471000 -0.591724
23.481000 -0.591486
23.491000 -0.591249
23.501000 -0.591010
23.511000 -0.590772
23.521000 -0.590534
23.531000 -0.590295
23.541000 -0.590061
23.551000 -0.589826
23.561000 -0.589591
23.571000 -0.589355
23.581000 -0.589120
23.591000 -0.588884
23.601000 -0.588648
23.611000 -0.588417
23.621000 -0.588185
23.631000 -0.587952
23.641000 -0.587720
23.651000 -0.587487
23.661000 -0.587254
23.671000 -0.587021
23.681000 -0.586792
23.691000 -0.586563
23.701000 -0.586334
23.711000 -0.586104
23.721000 -0.585875
23.731000 -0.585645
23.741000 -0.585414
23.751000 -0.585188
23.761000 -0.584962
23.771000 -0.584736
23.781000 -0.584509
23.791000 -0.584282
23.801000 -0.584055
23.811000 -0.583828
23.821000 -0.583601
23.831000 -0.583377
23.841000 -0.583154
23.851000 -0.582930
23.861000 -0.582706
23.871000 -0.582482
23.881000 -0.582258
23.891000 -0.582034
23.901000 -0.581813
23.911000 -0.581593
23.921000 -0.581372
23.931000 -0.581151
23.941000 -0.580930
23.951000 -0.580709
23.961000 -0.580488
23.971000 -0.580266
23.981000 -0.580044
23.991000 -0.579827
24.001000 -0.579609
24.011000 -0.579391
24.021000 -0.579173
24.031000 -0.578954
24.041000 -0.578736
24.051000 -0.578517
24.061000 -0.578303
24.071000 -0.578088
24.081000 -0.577873
24.091000 -0.577658
24.101000 -0.577443
24.111000 -0.577228
24.121000 -0.577012
24.131000 -0.576796
24.141000 -0.576585
24.151000 -0.576373
24.161000 -0.576161
24.171000 -0.575949
24.181000 -0.575737
24.191000 -0.575524
24.201000 -0.575312
24.211000 -0.575099
24.221000 -0.574891
24.231000 -0.574682
24.241000 -0.574473
24.251000 -0.574264
24.261000 -0.574055
24.271000 -0.573846
24.281000 -0.573636
24.291000 -0.573426
24.301000 -0.573217
24.311000 -0.573007
24.321000 -0.572801
24.331000 -0.572595
24.341000 -0.572389
24.351000 -0.572183
24.361000 -0.571976
24.371000 -0.571769
24.381000 -0.571563
24.391000 -0.571356
24.401000 -0.571153
24.411000 -0.570950
24.421000 -0.570748
24.431000 -0.570544
24.441000 -0.570341
24.451000 -0.570138
24.461000 -0.569934
24.471000 -0.569730
24.481000 -0.569526
24.491000 -0.569327
24.501000 -0.569127
24.511000 -0.568927
24.521000 -0.568727
24.531000 -0.568527
24.541000 -0.568327
24.551000 -0.568126
24.561000 -0.567925
24.571000 -0.567725
24.581000 -0.567528
24.591000 -0.567331
24.601000 -0.567135
24.611000 -0.566938
24.621000 -0.566741
24.631000 -0.566543
24.641000 -0.566346
24.651000 -0.566148
24.661000 -0.565951
24.671000 -0.565753
24.681000 -0.565559
24.691000 -0.565366
24.701000 -0.565172
24.711000 -0.564978
24.721000 -0.564784
24.731000 -0.564590
24.741000 -0.564395
24.751000 -0.564201
24.761000 -0.564006
24.771000 -0.563811
24.781000 -0.563616
24.791000 -0.563426
24.801000 -0.563235
24.811000 -0.563044
24.821000 -0.562853
24.831000 -0.562662
24.841000 -0.562470
24.851000 -0.562279
24.861000 -0.562087
24.871000 -0.561896
24.881000 -0.561708
24.891000 -0.561521
24.901000 -0.561333
24.911000 -0.561146
24.921000 -0.560958
24.931000 -0.560770
24.941000 -0.560582
24.951000 -0.560393
24.961000 -0.560205
24.971000 -0.560016
24.981000 -0.559832
