0.001000 -29.920104
0.011000 -29.920104
0.021000 -29.920109
0.031000 -29.920125
0.041000 -29.920162
0.051000 -29.920225
0.061000 -29.852514
0.071000 -29.852655
0.081000 -29.852846
0.091000 -29.853094
0.101000 -29.853407
0.111000 -29.853793
0.121000 -29.854259
0.131000 -29.854813
0.141000 -29.855463
0.151000 -29.856215
0.161000 -29.924888
0.171000 -29.925868
0.181000 -29.926975
0.191000 -29.928214
0.201000 -29.929595
0.211000 -29.931123
0.221000 -29.932808
0.231000 -29.934656
0.241000 -29.936675
0.251000 -29.938873
0.261000 -29.941257
0.271000 -29.943834
0.281000 -29.946613
0.291000 -29.949601
0.301000 -29.952805
0.311000 -29.956233
0.321000 -29.959893
0.331000 -29.963792
0.341000 -29.967938
0.351000 -29.972337
0.361000 -29.976999
0.371000 -29.981930
0.381000 -29.987138
0.391000 -29.992631
0.401000 -29.998416
0.411000 -30.004500
0.421000 -30.010892
0.431000 -30.017598
0.441000 -30.024627
0.451000 -30.031986
0.461000 -30.039682
0.471000 -30.047724
0.481000 -30.056118
0.491000 -30.064872
0.501000 -30.073994
0.511000 -30.083492
0.521000 -30.093372
0.531000 -30.103643
0.541000 -30.114312
0.551000 -30.125386
0.561000 -30.136874
0.571000 -30.148782
0.581000 -30.161119
0.591000 -30.173892
0.601000 -30.187108
0.611000 -30.200775
0.621000 -30.214901
0.631000 -30.229493
0.641000 -30.244559
0.651000 -30.260106
0.661000 -30.276142
0.671000 -30.292674
0.681000 -30.309710
0.691000 -30.327258
0.701000 -30.345325
0.711000 -30.363919
0.721000 -30.383047
0.731000 -30.402717
0.741000 -30.422936
0.751000 -30.443712
0.761000 -30.465053
0.771000 -30.486966
0.781000 -30.509459
0.791000 -30.532539
0.801000 -30.556213
0.811000 -30.580490
0.821000 -30.605377
0.831000 -30.630882
0.841000 -30.657011
0.851000 -30.683774
0.861000 -30.711176
0.871000 -30.739226
0.881000 -30.767932
0.891000 -30.797301
0.901000 -30.827340
0.911000 -30.858057
0.921000 -30.889460
0.931000 -30.921556
0.941000 -30.954352
0.951000 -30.987857
0.961000 -31.022078
0.971000 -31.057023
0.981000 -31.092698
0.991000 -31.129112
1.001000 -31.166272
1.011000 -31.204186
1.021000 -31.242861
1.031000 -31.282306
1.041000 -31.322526
1.051000 -31.363531
1.061000 -31.405327
1.071000 -31.447922
1.081000 -31.491324
1.091000 -31.535540
1.101000 -31.580579
1.111000 -31.626446
1.121000 -31.673151
1.131000 -31.720700
1.141000 -31.769101
1.151000 -31.818362
1.161000 -31.868490
1.171000 -31.919493
1.181000 -31.971378
1.191000 -32.024153
1.201000 -32.077826
1.211000 -32.132404
1.221000 -32.187895
1.231000 -32.244306
1.241000 -32.301644
1.251000 -32.359918
1.261000 -32.419135
1.271000 -32.479302
1.281000 -32.540428
1.291000 -32.602519
1.301000 -32.665583
1.311000 -32.729628
1.321000 -32.794661
1.331000 -32.860691
1.341000 -32.927723
1.351000 -32.995767
1.361000 -33.064830
1.371000 -33.134918
1.381000 -33.206040
1.391000 -33.278204
1.401000 -33.351416
1.411000 -33.425685
1.421000 -33.501018
1.431000 -33.577423
1.441000 -33.654906
1.451000 -33.733477
1.461000 -33.813142
1.471000 -33.893908
1.481000 -33.975784
1.491000 -34.058777
1.501000 -34.142894
1.511000 -34.228144
1.521000 -34.314533
1.531000 -34.402070
1.541000 -34.490761
1.551000 -34.580615
1.561000 -34.671638
1.571000 -34.763840
1.581000 -34.857226
1.591000 -34.951805
1.601000 -35.047584
1.611000 -35.144571
1.621000 -35.242773
1.631000 -35.342199
1.641000 -35.442854
1.651000 -35.544748
1.661000 -35.647888
1.671000 -35.752281
1.681000 -35.857934
1.691000 -35.964856
1.701000 -36.073053
1.711000 -36.182535
1.721000 -36.293307
1.731000 -36.405378
1.741000 -36.518755
1.751000 -36.633445
1.761000 -36.749457
1.771000 -36.866798
1.781000 -36.985476
1.791000 -37.105497
1.801000 -37.226870
1.811000 -37.349602
1.821000 -37.473701
1.831000 -37.599174
1.841000 -37.726029
1.851000 -37.854274
1.861000 -37.983915
1.871000 -38.114961
1.881000 -38.247419
1.891000 -38.381297
1.901000 -38.516602
1.911000 -38.653342
1.921000 -38.791524
1.931000 -38.931156
1.941000 -39.072246
1.951000 -39.214801
1.961000 -39.358828
1.971000 -39.504336
1.981000 -39.651331
1.991000 -39.799822
2.001000 -39.949816
2.011000 -40.101320
2.021000 -40.254343
2.031000 -40.408891
2.041000 -40.564972
2.051000 -40.722594
2.061000 -40.881764
2.071000 -41.042491
2.081000 -41.204780
2.091000 -41.300831
2.101000 -41.466271
2.111000 -41.633296
2.121000 -41.801915
2.131000 -41.972136
2.141000 -42.143965
2.151000 -42.317411
2.161000 -42.492481
2.171000 -42.669183
2.181000 -42.847524
2.191000 -43.027511
2.201000 -43.209153
2.211000 -43.392456
2.221000 -43.577429
2.231000 -43.764079
2.241000 -43.952414
2.251000 -44.142441
2.261000 -44.334167
2.271000 -44.527601
2.281000 -44.722749
2.291000 -44.919620
2.301000 -45.118221
2.311000 -45.318560
2.321000 -45.520644
2.331000 -45.724482
2.341000 -45.930082
2.351000 -46.137451
2.361000 -46.346601
2.371000 -46.557541
2.381000 -46.770282
2.391000 -46.984841
2.401000 -47.201234
2.411000 -47.419484
2.421000 -47.639620
2.431000 -47.861681
2.441000 -48.085717
2.451000 -48.311793
2.461000 -48.539992
2.471000 -48.770423
2.481000 -49.003220
2.491000 -49.238554
2.501000 -49.476633
2.511000 -49.717710
2.521000 -49.962086
2.531000 -50.210117
2.541000 -50.462214
2.551000 -50.718847
2.561000 -50.980546
2.571000 -51.247894
2.581000 -51.521530
2.591000 -51.802135
2.601000 -52.090429
2.611000 -52.387156
2.621000 -52.693072
2.631000 -53.008927
2.641000 -53.335451
2.651000 -53.673331
2.661000 -54.023196
2.671000 -54.385594
2.681000 -54.760975
2.691000 -55.149673
2.701000 -55.551890
2.711000 -55.967678
2.721000 -56.396934
2.731000 -56.839387
2.741000 -57.294592
2.751000 -57.761931
2.761000 -58.240612
2.771000 -58.729673
2.781000 -59.227991
2.791000 -59.734297
2.801000 -60.247178
2.811000 -60.765103
2.821000 -61.286437
2.831000 -61.809458
2.841000 -62.332381
2.851000 -62.853371
2.861000 -63.370576
2.871000 -63.882128
2.881000 -64.386185
2.891000 -64.880929
2.901000 -65.364596
2.911000 -65.835489
2.921000 -66.291986
2.931000 -66.732564
2.941000 -67.155794
2.951000 -67.560364
2.961000 -67.945080
2.971000 -68.308865
2.981000 -68.650774
2.991000 -68.969983
3.001000 -69.265801
3.011000 -69.537658
3.021000 -69.785112
3.031000 -70.007833
3.041000 -70.205613
3.051000 -70.378348
3.061000 -70.526042
3.071000 -70.648792
3.081000 -70.746786
3.091000 -70.820296
3.101000 -70.869668
3.111000 -70.895318
3.121000 -70.897720
3.131000 -70.877406
3.141000 -70.834951
3.151000 -70.770973
3.161000 -70.686125
3.171000 -70.581085
3.181000 -70.456556
3.191000 -70.313257
3.201000 -70.151922
3.211000 -69.973288
3.221000 -69.778101
3.231000 -69.567104
3.241000 -69.341038
3.251000 -69.100638
3.261000 -68.846628
3.271000 -68.579723
3.281000 -68.300624
3.291000 -68.010016
3.301000 -67.708571
3.311000 -67.396939
3.321000 -67.075754
3.331000 -66.745631
3.341000 -66.407162
3.351000 -66.060924
3.361000 -65.707467
3.371000 -65.347326
3.381000 -64.981011
3.391000 -64.609014
3.401000 -64.231806
3.411000 -63.849836
3.421000 -63.463536
3.431000 -63.073316
3.441000 -62.679570
3.451000 -62.282671
3.461000 -61.882976
3.471000 -61.480821
3.481000 -61.076531
3.491000 -60.670409
3.501000 -60.262747
3.511000 -59.853818
3.521000 -59.443883
3.531000 -59.033188
3.541000 -58.621967
3.551000 -58.210439
3.561000 -57.798813
3.571000 -57.387286
3.581000 -56.976041
3.591000 -56.565255
3.601000 -56.155090
3.611000 -55.745703
3.621000 -55.337238
3.631000 -54.929833
3.641000 -54.523615
3.651000 -54.118705
3.661000 -53.715216
3.671000 -53.313255
3.681000 -52.912919
3.691000 -52.514302
3.701000 -52.117490
3.711000 -51.722564
3.721000 -51.329598
3.731000 -50.938663
3.741000 -50.549824
3.751000 -50.163140
3.761000 -49.778668
3.771000 -49.396459
3.781000 -49.016560
3.791000 -48.639017
3.801000 -48.263867
3.811000 -47.891150
3.821000 -47.520897
3.831000 -47.153139
3.841000 -46.787906
3.851000 -46.425220
3.861000 -46.065105
3.871000 -45.707579
3.881000 -45.352662
3.891000 -45.000368
3.901000 -44.650710
3.911000 -44.303701
3.921000 -43.959348
3.931000 -43.617661
3.941000 -43.278645
3.951000 -42.942305
3.961000 -42.608643
3.971000 -42.277662
3.981000 -41.949361
3.991000 -41.623740
4.001000 -41.300796
4.011000 -40.980527
4.021000 -40.662927
4.031000 -40.347993
4.041000 -40.035716
4.051000 -39.726091
4.061000 -39.419110
4.071000 -39.114763
4.081000 -38.813041
4.091000 -38.513934
4.101000 -38.217433
4.111000 -37.923523
4.121000 -37.632196
4.131000 -37.343436
4.141000 -37.057232
4.151000 -36.773571
4.161000 -36.492437
4.171000 -36.213817
4.181000 -35.937698
4.191000 -35.664062
4.201000 -35.392895
4.211000 -35.124181
4.221000 -34.857905
4.231000 -34.594050
4.241000 -34.332600
4.251000 -34.073537
4.261000 -33.816846
4.271000 -33.562510
4.281000 -33.310510
4.291000 -33.060830
4.301000 -32.813453
4.311000 -32.568360
4.321000 -32.325534
4.331000 -32.084958
4.341000 -31.846613
4.351000 -31.610482
4.361000 -31.376547
4.371000 -31.144789
4.381000 -30.915190
4.391000 -30.687733
4.401000 -30.462400
4.411000 -30.239172
4.421000 -30.018029
4.431000 -29.798947
4.441000 -29.581905
4.451000 -29.366884
4.461000 -29.153864
4.471000 -28.942824
4.481000 -28.733744
4.491000 -28.526606
4.501000 -28.321389
4.511000 -28.118075
4.521000 -27.916644
4.531000 -27.717078
4.541000 -27.519357
4.551000 -27.323463
4.561000 -27.129377
4.571000 -26.937082
4.581000 -26.746558
4.591000 -26.557789
4.601000 -26.370755
4.611000 -26.185440
4.621000 -26.001826
4.631000 -25.819895
4.641000 -25.639630
4.651000 -25.461015
4.661000 -25.284032
4.671000 -25.108664
4.681000 -24.934895
4.691000 -24.762709
4.701000 -24.592090
4.711000 -24.423020
4.721000 -24.255484
4.731000 -24.089467
4.741000 -23.924953
4.751000 -23.761926
4.761000 -23.600371
4.771000 -23.440273
4.781000 -23.281616
4.791000 -23.124386
4.801000 -22.968569
4.811000 -22.814149
4.821000 -22.661112
4.831000 -22.509444
4.841000 -22.359130
4.851000 -22.210157
4.861000 -22.062511
4.871000 -21.916178
4.881000 -21.771144
4.891000 -21.627397
4.901000 -21.484922
4.911000 -21.343707
4.921000 -21.203739
4.931000 -21.065004
4.941000 -20.927490
4.951000 -20.791185
4.961000 -20.656076
4.971000 -20.522150
4.981000 -20.389396
4.991000 -20.257801
5.001000 -20.127354
5.011000 -19.998042
5.021000 -19.869854
5.031000 -19.742778
5.041000 -19.616803
5.051000 -19.491918
5.061000 -19.368111
5.071000 -19.245371
5.081000 -19.123687
5.091000 -19.003050
5.101000 -18.883447
5.111000 -18.764868
5.121000 -18.647302
5.131000 -18.530741
5.141000 -18.415172
5.151000 -18.300586
5.161000 -18.186973
5.171000 -18.074323
5.181000 -17.962626
5.191000 -17.851873
5.201000 -17.742053
5.211000 -17.633158
5.221000 -17.525178
5.231000 -17.418103
5.241000 -17.311926
5.251000 -17.206635
5.261000 -17.102223
5.271000 -16.998681
5.281000 -16.895999
5.291000 -16.794170
5.301000 -16.693184
5.311000 -16.593033
5.321000 -16.493709
5.331000 -16.395203
5.341000 -16.297508
5.351000 -16.200614
5.361000 -16.104514
5.371000 -16.009200
5.381000 -15.914665
5.391000 -15.820900
5.401000 -15.727897
5.411000 -15.635650
5.421000 -15.544151
5.431000 -15.453391
5.441000 -15.363365
5.451000 -15.274064
5.461000 -15.185482
5.471000 -15.097611
5.481000 -15.010444
5.491000 -14.923974
5.501000 -14.838195
5.511000 -14.753100
5.521000 -14.668682
5.531000 -14.584934
5.541000 -14.501850
5.551000 -14.419423
5.561000 -14.337647
5.571000 -14.256516
5.581000 -14.176023
5.591000 -14.096161
5.601000 -14.016926
5.611000 -13.938310
5.621000 -13.860309
5.631000 -13.782915
5.641000 -13.706123
5.651000 -13.629927
5.661000 -13.554322
5.671000 -13.479301
5.681000 -13.404860
5.691000 -13.330992
5.701000 -13.257693
5.711000 -13.184955
5.721000 -13.112775
5.731000 -13.041148
5.741000 -12.970066
5.751000 -12.899527
5.761000 -12.829524
5.771000 -12.760052
5.781000 -12.691106
5.791000 -12.622681
5.801000 -12.554773
5.811000 -12.487377
5.821000 -12.420487
5.831000 -12.354099
5.841000 -12.288208
5.851000 -12.222809
5.861000 -12.157899
5.871000 -12.093472
5.881000 -12.029524
5.891000 -11.966050
5.901000 -11.903047
5.911000 -11.840509
5.921000 -11.778432
5.931000 -11.716813
5.941000 -11.655646
5.951000 -11.594928
5.961000 -11.534654
5.971000 -11.474821
5.981000 -11.415425
5.991000 -11.356460
6.001000 -11.297925
6.011000 -11.239814
6.021000 -11.182123
6.031000 -11.124850
6.041000 -11.067989
6.051000 -11.011538
6.061000 -10.955493
6.071000 -10.899849
6.081000 -10.844604
6.091000 -10.789753
6.101000 -10.735294
6.111000 -10.681222
6.121000 -10.627535
6.131000 -10.574228
6.141000 -10.521299
6.151000 -10.468744
6.161000 -10.416559
6.171000 -10.364742
6.181000 -10.313289
6.191000 -10.262196
6.201000 -10.211462
6.211000 -10.161082
6.221000 -10.111053
6.231000 -10.061372
6.241000 -10.012037
6.251000 -9.963044
6.261000 -9.914390
6.271000 -9.866073
6.281000 -9.818089
6.291000 -9.770435
6.301000 -9.723109
6.311000 -9.676107
6.321000 -9.629428
6.331000 -9.583067
6.341000 -9.537023
6.351000 -9.491292
6.361000 -9.445873
6.371000 -9.400761
6.381000 -9.355955
6.391000 -9.311452
6.401000 -9.267250
6.411000 -9.223345
6.421000 -9.179735
6.431000 -9.136419
6.441000 -9.093392
6.451000 -9.050654
6.461000 -9.008200
6.471000 -8.966030
6.481000 -8.924141
6.491000 -8.882529
6.501000 -8.841193
6.511000 -8.800131
6.521000 -8.759340
6.531000 -8.718819
6.541000 -8.678564
6.551000 -8.638573
6.561000 -8.598845
6.571000 -8.559377
6.581000 -8.520167
6.591000 -8.481213
6.601000 -8.442513
6.611000 -8.404064
6.621000 -8.365865
6.631000 -8.327913
6.641000 -8.290207
6.651000 -8.252745
6.661000 -8.215523
6.671000 -8.178542
6.681000 -8.141798
6.691000 -8.105289
6.701000 -8.069015
6.711000 -8.032972
6.721000 -7.997159
6.731000 -7.961574
6.741000 -7.926215
6.751000 -7.891081
6.761000 -7.856169
6.771000 -7.821479
6.781000 -7.787007
6.791000 -7.752753
6.801000 -7.718714
6.811000 -7.684889
6.821000 -7.651276
6.831000 -7.617873
6.841000 -7.584680
6.851000 -7.551693
6.861000 -7.518912
6.871000 -7.486335
6.881000 -7.453960
6.891000 -7.421786
6.901000 -7.389811
6.911000 -7.358033
6.921000 -7.326452
6.931000 -7.295065
6.941000 -7.263870
6.951000 -7.232868
6.961000 -7.202055
6.971000 -7.171431
6.981000 -7.140993
6.991000 -7.110742
7.001000 -7.080674
7.011000 -7.050789
7.021000 -7.021086
7.031000 -6.991562
7.041000 -6.962217
7.051000 -6.933049
7.061000 -6.904057
7.071000 -6.875239
7.081000 -6.846595
7.091000 -6.818122
7.101000 -6.789819
7.111000 -6.761686
7.121000 -6.733721
7.131000 -6.705922
7.141000 -6.678289
7.151000 -6.650820
7.161000 -6.623514
7.171000 -6.596370
7.181000 -6.569386
7.191000 -6.542561
7.201000 -6.515895
7.211000 -6.489385
7.221000 -6.463032
7.231000 -6.436832
7.241000 -6.410786
7.251000 -6.384893
7.261000 -6.359151
7.271000 -6.333558
7.281000 -6.308114
7.291000 -6.282819
7.301000 -6.257670
7.311000 -6.232667
7.321000 -6.207808
7.331000 -6.183093
7.341000 -6.158520
7.351000 -6.134089
7.361000 -6.109798
7.371000 -6.085647
7.381000 -6.061634
7.391000 -6.037758
7.401000 -6.014019
7.411000 -5.990415
7.421000 -5.966946
7.431000 -5.943610
7.441000 -5.920406
7.451000 -5.897334
7.461000 -5.874393
7.471000 -5.851581
7.481000 -5.828898
7.491000 -5.806343
7.501000 -5.783915
7.511000 -5.761612
7.521000 -5.739435
7.531000 -5.717382
7.541000 -5.695453
7.551000 -5.673646
7.561000 -5.651960
7.571000 -5.630395
7.581000 -5.608950
7.591000 -5.587624
7.601000 -5.566416
7.611000 -5.545326
7.621000 -5.524352
7.631000 -5.503494
7.641000 -5.482751
7.651000 -5.462122
7.661000 -5.441606
7.671000 -5.421203
7.681000 -5.400912
7.691000 -5.380731
7.701000 -5.360661
7.711000 -5.340700
7.721000 -5.320848
7.731000 -5.301104
7.741000 -5.281468
7.751000 -5.261937
7.761000 -5.242513
7.771000 -5.223193
7.781000 -5.203978
7.791000 -5.184866
7.801000 -5.165857
7.811000 -5.146951
7.821000 -5.128146
7.831000 -5.109441
7.841000 -5.090837
7.851000 -5.072333
7.861000 -5.053927
7.871000 -5.035619
7.881000 -5.017409
7.891000 -4.999295
7.901000 -4.981277
7.911000 -4.963355
7.921000 -4.945528
7.931000 -4.927795
7.941000 -4.910156
7.951000 -4.892610
7.961000 -4.875156
7.971000 -4.857793
7.981000 -4.840522
7.991000 -4.823341
8.001000 -4.806251
8.011000 -4.789249
8.021000 -4.772337
8.031000 -4.755512
8.041000 -4.738775
8.051000 -4.722125
8.061000 -4.705561
8.071000 -4.689084
8.081000 -4.672691
8.091000 -4.656383
8.101000 -4.640160
8.111000 -4.624020
8.121000 -4.607963
8.131000 -4.591989
8.141000 -4.576097
8.151000 -4.560286
8.161000 -4.544557
8.171000 -4.528908
8.181000 -4.513338
8.191000 -4.497848
8.201000 -4.482437
8.211000 -4.467104
8.221000 -4.451849
8.231000 -4.436672
8.241000 -4.421571
8.251000 -4.406547
8.261000 -4.391598
8.271000 -4.376725
8.281000 -4.361927
8.291000 -4.347204
8.301000 -4.332554
8.311000 -4.317978
8.321000 -4.303475
8.331000 -4.289044
8.341000 -4.274686
8.351000 -4.260400
8.361000 -4.246184
8.371000 -4.232040
8.381000 -4.217965
8.391000 -4.203961
8.401000 -4.190026
8.411000 -4.176160
8.421000 -4.162363
8.431000 -4.148634
8.441000 -4.134972
8.451000 -4.121378
8.461000 -4.107851
8.471000 -4.094391
8.481000 -4.080996
8.491000 -4.067667
8.501000 -4.054403
8.511000 -4.041204
8.521000 -4.028070
8.531000 -4.015000
8.541000 -4.001993
8.551000 -3.989049
8.561000 -3.976169
8.571000 -3.963350
8.581000 -3.950594
8.591000 -3.937900
8.601000 -3.925267
8.611000 -3.912695
8.621000 -3.900184
8.631000 -3.887733
8.641000 -3.875342
8.651000 -3.863010
8.661000 -3.850738
8.671000 -3.838524
8.681000 -3.826369
8.691000 -3.814272
8.701000 -3.802232
8.711000 -3.790250
8.721000 -3.778325
8.731000 -3.766457
8.741000 -3.754645
8.751000 -3.742889
8.761000 -3.731189
8.771000 -3.719544
8.781000 -3.707954
8.791000 -3.696419
8.801000 -3.684938
8.811000 -3.673511
8.821000 -3.662139
8.831000 -3.650819
8.841000 -3.639553
8.851000 -3.628339
8.861000 -3.617178
8.871000 -3.606069
8.881000 -3.595012
8.891000 -3.584006
8.901000 -3.573052
8.911000 -3.562149
8.921000 -3.551296
8.931000 -3.540494
8.941000 -3.529741
8.951000 -3.519039
8.961000 -3.508386
8.971000 -3.497782
8.981000 -3.487227
8.991000 -3.476720
9.001000 -3.466262
9.011000 -3.455852
9.021000 -3.445490
9.031000 -3.435175
9.041000 -3.424908
9.051000 -3.414687
9.061000 -3.404514
9.071000 -3.394386
9.081000 -3.384305
9.091000 -3.374269
9.101000 -3.364280
9.111000 -3.354335
9.121000 -3.344436
9.131000 -3.334582
9.141000 -3.324772
9.151000 -3.315006
9.161000 -3.305285
9.171000 -3.295607
9.181000 -3.285973
9.191000 -3.276383
9.201000 -3.266835
9.211000 -3.257330
9.221000 -3.247868
9.231000 -3.238448
9.241000 -3.229070
9.251000 -3.219735
9.261000 -3.210440
9.271000 -3.201188
9.281000 -3.191977
9.291000 -3.182806
9.301000 -3.173676
9.311000 -3.164587
9.321000 -3.155538
9.331000 -3.146530
9.341000 -3.137560
9.351000 -3.128630
9.361000 -3.119740
9.371000 -3.110889
9.381000 -3.102077
9.391000 -3.093304
9.401000 -3.084569
9.411000 -3.075873
9.421000 -3.067215
9.431000 -3.058594
9.441000 -3.050011
9.451000 -3.041466
9.461000 -3.032957
9.471000 -3.024487
9.481000 -3.016052
9.491000 -3.007655
9.501000 -2.999294
9.511000 -2.990969
9.521000 -2.982680
9.531000 -2.974428
9.541000 -2.966211
9.551000 -2.958029
9.561000 -2.949883
9.571000 -2.941771
9.581000 -2.933695
9.591000 -2.925654
9.601000 -2.917646
9.611000 -2.909673
9.621000 -2.901735
9.631000 -2.893830
9.641000 -2.885959
9.651000 -2.878122
9.661000 -2.870318
9.671000 -2.862547
9.681000 -2.854809
9.691000 -2.847104
9.701000 -2.839432
9.711000 -2.831792
9.721000 -2.824185
9.731000 -2.816610
9.741000 -2.809067
9.751000 -2.801556
9.761000 -2.794076
9.771000 -2.786629
9.781000 -2.779212
9.791000 -2.771827
9.801000 -2.764472
9.811000 -2.757148
9.821000 -2.749855
9.831000 -2.742593
9.841000 -2.735361
9.851000 -2.728160
9.861000 -2.720988
9.871000 -2.713846
9.881000 -2.706735
9.891000 -2.699652
9.901000 -2.692599
9.911000 -2.685575
9.921000 -2.678580
9.931000 -2.671615
9.941000 -2.664678
9.951000 -2.657770
9.961000 -2.650890
9.971000 -2.644039
9.981000 -2.637215
9.991000 -2.630421
10.001000 -2.623654
10.011000 -2.616915
10.021000 -2.610203
10.031000 -2.603519
10.041000 -2.596862
10.051000 -2.590232
10.061000 -2.583629
10.071000 -2.577054
10.081000 -2.570505
10.091000 -2.563983
10.101000 -2.557488
10.111000 -2.551018
10.121000 -2.544576
10.131000 -2.538159
10.141000 -2.531768
10.151000 -2.525403
10.161000 -2.519064
10.171000 -2.512751
10.181000 -2.506463
10.191000 -2.500200
10.201000 -2.493962
10.211000 -2.487750
10.221000 -2.481562
10.231000 -2.475400
10.241000 -2.469262
10.251000 -2.463148
10.261000 -2.457059
10.271000 -2.450994
10.281000 -2.444954
10.291000 -2.438937
10.301000 -2.432945
10.311000 -2.426976
10.321000 -2.421031
10.331000 -2.415110
10.341000 -2.409212
10.351000 -2.403337
10.361000 -2.397487
10.371000 -2.391658
10.381000 -2.385853
10.391000 -2.380071
10.401000 -2.374312
10.411000 -2.368576
10.421000 -2.362862
10.431000 -2.357170
10.441000 -2.351501
10.451000 -2.345855
10.461000 -2.340230
10.471000 -2.334628
10.481000 -2.329047
10.491000 -2.323487
10.501000 -2.317950
10.511000 -2.312434
10.521000 -2.306940
10.531000 -2.301468
10.541000 -2.296017
10.551000 -2.290586
10.561000 -2.285177
10.571000 -2.279788
10.581000 -2.274421
10.591000 -2.269074
10.601000 -2.263749
10.611000 -2.258443
10.621000 -2.253158
10.631000 -2.247893
10.641000 -2.242649
10.651000 -2.237425
10.661000 -2.232221
10.671000 -2.227037
10.681000 -2.221873
10.691000 -2.216728
10.701000 -2.211604
10.711000 -2.206499
10.721000 -2.201413
10.731000 -2.196347
10.741000 -2.191300
10.751000 -2.186273
10.761000 -2.181264
10.771000 -2.176274
10.781000 -2.171304
10.791000 -2.166352
10.801000 -2.161419
10.811000 -2.156505
10.821000 -2.151609
10.831000 -2.146732
10.841000 -2.141874
10.851000 -2.137033
10.861000 -2.132211
10.871000 -2.127407
10.881000 -2.122621
10.891000 -2.117852
10.901000 -2.113102
10.911000 -2.108370
10.921000 -2.103656
10.931000 -2.098959
10.941000 -2.094280
10.951000 -2.089618
10.961000 -2.084973
10.971000 -2.080346
10.981000 -2.075735
10.991000 -2.071142
11.001000 -2.066566
11.011000 -2.062008
11.021000 -2.057466
11.031000 -2.052941
11.041000 -2.048433
11.051000 -2.043942
11.061000 -2.039467
11.071000 -2.035009
11.081000 -2.030566
11.091000 -2.026141
11.101000 -2.021732
11.111000 -2.017339
11.121000 -2.012962
11.131000 -2.008601
11.141000 -2.004256
11.151000 -1.999927
11.161000 -1.995614
11.171000 -1.991316
11.181000 -1.987034
11.191000 -1.982769
11.201000 -1.978518
11.211000 -1.974283
11.221000 -1.970064
11.231000 -1.965860
11.241000 -1.961672
11.251000 -1.957498
11.261000 -1.953340
11.271000 -1.949196
11.281000 -1.945067
11.291000 -1.940954
11.301000 -1.936856
11.311000 -1.932772
11.321000 -1.928703
11.331000 -1.924649
11.341000 -1.920609
11.351000 -1.916584
11.361000 -1.912573
11.371000 -1.908576
11.381000 -1.904594
11.391000 -1.900627
11.401000 -1.896673
11.411000 -1.892734
11.421000 -1.888808
11.431000 -1.884897
11.441000 -1.880999
11.451000 -1.877116
11.461000 -1.873246
11.471000 -1.869391
11.481000 -1.865549
11.491000 -1.861720
11.501000 -1.857905
11.511000 -1.854104
11.521000 -1.850316
11.531000 -1.846542
11.541000 -1.842780
11.551000 -1.839032
11.561000 -1.835298
11.571000 -1.831577
11.581000 -1.827868
11.591000 -1.824172
11.601000 -1.820490
11.611000 -1.816820
11.621000 -1.813164
11.631000 -1.809520
11.641000 -1.805890
11.651000 -1.802271
11.661000 -1.798665
11.671000 -1.795073
11.681000 -1.791493
11.691000 -1.787925
11.701000 -1.784370
11.711000 -1.780827
11.721000 -1.777296
11.731000 -1.773778
11.741000 -1.770271
11.751000 -1.766777
11.761000 -1.763295
11.771000 -1.759825
11.781000 -1.756367
11.791000 -1.752921
11.801000 -1.749487
11.811000 -1.746065
11.821000 -1.742655
11.831000 -1.739256
11.841000 -1.735870
11.851000 -1.732494
11.861000 -1.729130
11.871000 -1.725778
11.881000 -1.722437
11.891000 -1.719107
11.901000 -1.715789
11.911000 -1.712483
11.921000 -1.709188
11.931000 -1.705903
11.941000 -1.702631
11.951000 -1.699369
11.961000 -1.696119
11.971000 -1.692880
11.981000 -1.689651
11.991000 -1.686434
12.001000 -1.683227
12.011000 -1.680032
12.021000 -1.676848
12.031000 -1.673673
12.041000 -1.670510
12.051000 -1.667358
12.061000 -1.664216
12.071000 -1.661084
12.081000 -1.657964
12.091000 -1.654854
12.101000 -1.651754
12.111000 -1.648665
12.121000 -1.645586
12.131000 -1.642518
12.141000 -1.639460
12.151000 -1.636411
12.161000 -1.633374
12.171000 -1.630347
12.181000 -1.627329
12.191000 -1.624321
12.201000 -1.621324
12.211000 -1.618337
12.221000 -1.615360
12.231000 -1.612392
12.241000 -1.609434
12.251000 -1.606486
12.261000 -1.603548
12.271000 -1.600620
12.281000 -1.597701
12.291000 -1.594792
12.301000 -1.591894
12.311000 -1.589004
12.321000 -1.586124
12.331000 -1.583254
12.341000 -1.580392
12.351000 -1.577540
12.361000 -1.574697
12.371000 -1.571865
12.381000 -1.569042
12.391000 -1.566227
12.401000 -1.563421
12.411000 -1.560625
12.421000 -1.557839
12.431000 -1.555061
12.441000 -1.552292
12.451000 -1.549533
12.461000 -1.546782
12.471000 -1.544040
12.481000 -1.541308
12.491000 -1.538584
12.501000 -1.535869
12.511000 -1.533162
12.521000 -1.530465
12.531000 -1.527776
12.541000 -1.525095
12.551000 -1.522424
12.561000 -1.519761
12.571000 -1.517108
12.581000 -1.514463
12.591000 -1.511826
12.601000 -1.509198
12.611000 -1.506578
12.621000 -1.503967
12.631000 -1.501364
12.641000 -1.498770
12.651000 -1.496184
12.661000 -1.493606
12.671000 -1.491036
12.681000 -1.488474
12.691000 -1.485921
12.701000 -1.483375
12.711000 -1.480838
12.721000 -1.478309
12.731000 -1.475788
12.741000 -1.473275
12.751000 -1.470771
12.761000 -1.468274
12.771000 -1.465786
12.781000 -1.463306
12.791000 -1.460833
12.801000 -1.458368
12.811000 -1.455911
12.821000 -1.453461
12.831000 -1.451020
12.841000 -1.448587
12.851000 -1.446160
12.861000 -1.443742
12.871000 -1.441330
12.881000 -1.438927
12.891000 -1.436530
12.901000 -1.434142
12.911000 -1.431761
12.921000 -1.429388
12.931000 -1.427022
12.941000 -1.424664
12.951000 -1.422313
12.961000 -1.419969
12.971000 -1.417633
12.981000 -1.415304
12.991000 -1.412983
13.001000 -1.410668
13.011000 -1.408362
13.021000 -1.406062
13.031000 -1.403769
13.041000 -1.401483
13.051000 -1.399205
13.061000 -1.396933
13.071000 -1.394669
13.081000 -1.392411
13.091000 -1.390161
13.101000 -1.387918
13.111000 -1.385683
13.121000 -1.383454
13.131000 -1.381231
13.141000 -1.379015
13.151000 -1.376806
13.161000 -1.374604
13.171000 -1.372409
13.181000 -1.370221
13.191000 -1.368039
13.201000 -1.365865
13.211000 -1.363696
13.221000 -1.361535
13.231000 -1.359380
13.241000 -1.357232
13.251000 -1.355090
13.261000 -1.352955
13.271000 -1.350826
13.281000 -1.348704
13.291000 -1.346588
13.301000 -1.344478
13.311000 -1.342376
13.321000 -1.340280
13.331000 -1.338190
13.341000 -1.336107
13.351000 -1.334029
13.361000 -1.331958
13.371000 -1.329894
13.381000 -1.327836
13.391000 -1.325784
13.401000 -1.323739
13.411000 -1.321698
13.421000 -1.319665
13.431000 -1.317637
13.441000 -1.315617
13.451000 -1.313601
13.461000 -1.311592
13.471000 -1.309589
13.481000 -1.307591
13.491000 -1.305600
13.501000 -1.303615
13.511000 -1.301635
13.521000 -1.299662
13.531000 -1.297694
13.541000 -1.295734
13.551000 -1.293778
13.561000 -1.291828
13.571000 -1.289884
13.581000 -1.287946
13.591000 -1.286014
13.601000 -1.284088
13.611000 -1.282167
13.621000 -1.280251
13.631000 -1.278342
13.641000 -1.276437
13.651000 -1.274539
13.661000 -1.272646
13.671000 -1.270759
13.681000 -1.268878
13.691000 -1.267002
13.701000 -1.265132
13.711000 -1.263268
13.721000 -1.261409
13.731000 -1.259555
13.741000 -1.257707
13.751000 -1.255865
13.761000 -1.254027
13.771000 -1.252196
13.781000 -1.250370
13.791000 -1.248549
13.801000 -1.246733
13.811000 -1.244923
13.821000 -1.243118
13.831000 -1.241318
13.841000 -1.239524
13.851000 -1.237735
13.861000 -1.235951
13.871000 -1.234172
13.881000 -1.232399
13.891000 -1.230630
13.901000 -1.228867
13.911000 -1.227109
13.921000 -1.225356
13.931000 -1.223607
13.941000 -1.221865
13.951000 -1.220128
13.961000 -1.218396
13.971000 -1.216668
13.981000 -1.214946
13.991000 -1.213228
14.001000 -1.211516
14.011000 -1.209808
14.021000 -1.208105
14.031000 -1.206408
14.041000 -1.204715
14.051000 -1.203027
14.061000 -1.201345
14.071000 -1.199666
14.081000 -1.197992
14.091000 -1.196323
14.101000 -1.194660
14.111000 -1.193001
14.121000 -1.191347
14.131000 -1.189697
14.141000 -1.188053
14.151000 -1.186412
14.161000 -1.184777
14.171000 -1.183147
14.181000 -1.181521
14.191000 -1.179900
14.201000 -1.178283
14.211000 -1.176671
14.221000 -1.175063
14.231000 -1.173460
14.241000 -1.171862
14.251000 -1.170268
14.261000 -1.168679
14.271000 -1.167094
14.281000 -1.165514
14.291000 -1.163938
14.301000 -1.162366
14.311000 -1.160799
14.321000 -1.159237
14.331000 -1.157678
14.341000 -1.156124
14.351000 -1.154575
14.361000 -1.153031
14.371000 -1.151490
14.381000 -1.149954
14.391000 -1.148421
14.401000 -1.146893
14.411000 -1.145369
14.421000 -1.143851
14.431000 -1.142336
14.441000 -1.140826
14.451000 -1.139321
14.461000 -1.137819
14.471000 -1.136322
14.481000 -1.134829
14.491000 -1.133339
14.501000 -1.131853
14.511000 -1.130371
14.521000 -1.128894
14.531000 -1.127421
14.541000 -1.125952
14.551000 -1.124488
14.561000 -1.123027
14.571000 -1.121570
14.581000 -1.120117
14.591000 -1.118669
14.601000 -1.117223
14.611000 -1.115783
14.621000 -1.114346
14.631000 -1.112914
14.641000 -1.111485
14.651000 -1.110061
14.661000 -1.108640
14.671000 -1.107223
14.681000 -1.105810
14.691000 -1.104401
14.701000 -1.102996
14.711000 -1.101594
14.721000 -1.100197
14.731000 -1.098803
14.741000 -1.097414
14.751000 -1.096027
14.761000 -1.094646
14.771000 -1.093267
14.781000 -1.091893
14.791000 -1.090523
14.801000 -1.089155
14.811000 -1.087792
14.821000 -1.086432
14.831000 -1.085076
14.841000 -1.083724
14.851000 -1.082376
14.861000 -1.081030
14.871000 -1.079690
14.881000 -1.078352
14.891000 -1.077018
14.901000 -1.075688
14.911000 -1.074362
14.921000 -1.073039
14.931000 -1.071720
14.941000 -1.070404
14.951000 -1.069091
14.961000 -1.067782
14.971000 -1.066477
14.981000 -1.065176
14.991000 -1.063878
15.001000 -1.062584
15.011000 -1.061293
15.021000 -1.060006
15.031000 -1.058722
15.041000 -1.057441
15.051000 -1.056164
15.061000 -1.054890
15.071000 -1.053619
15.081000 -1.052352
15.091000 -1.051089
15.101000 -1.049829
15.111000 -1.048573
15.121000 -1.047320
15.131000 -1.046070
15.141000 -1.044823
15.151000 -1.043579
15.161000 -1.042338
15.171000 -1.041102
15.181000 -1.039868
15.191000 -1.038639
15.201000 -1.037411
15.211000 -1.036187
15.221000 -1.034966
15.231000 -1.033749
15.241000 -1.032536
15.251000 -1.031325
15.261000 -1.030117
15.271000 -1.028914
15.281000 -1.027712
15.291000 -1.026513
15.301000 -1.025319
15.311000 -1.024127
15.321000 -1.022938
15.331000 -1.021753
15.341000 -1.020570
15.351000 -1.019391
15.361000 -1.018216
15.371000 -1.017042
15.381000 -1.015873
15.391000 -1.014706
15.401000 -1.013542
15.411000 -1.012381
15.421000 -1.011223
15.431000 -1.010068
15.441000 -1.008916
15.451000 -1.007767
15.461000 -1.006621
15.471000 -1.005478
15.481000 -1.004338
15.491000 -1.003201
15.501000 -1.002068
15.511000 -1.000937
15.521000 -0.999810
15.531000 -0.998685
15.541000 -0.997562
15.551000 -0.996444
15.561000 -0.995327
15.571000 -0.994215
15.581000 -0.993105
15.591000 -0.991997
15.601000 -0.990893
15.611000 -0.989791
15.621000 -0.988692
15.631000 -0.987597
15.641000 -0.986504
15.651000 -0.985414
15.661000 -0.984326
15.671000 -0.983242
15.681000 -0.982160
15.691000 -0.981080
15.701000 -0.980003
15.711000 -0.978931
15.721000 -0.977860
15.731000 -0.976792
15.741000 -0.975727
15.751000 -0.974663
15.761000 -0.973604
15.771000 -0.972548
15.781000 -0.971494
15.791000 -0.970442
15.801000 -0.969393
15.811000 -0.968346
15.821000 -0.967302
15.831000 -0.966260
15.841000 -0.965222
15.851000 -0.964187
15.861000 -0.963155
15.871000 -0.962125
15.881000 -0.961097
15.891000 -0.960072
15.901000 -0.959050
15.911000 -0.958030
15.921000 -0.957013
15.931000 -0.955998
15.941000 -0.954986
15.951000 -0.953976
15.961000 -0.952969
15.971000 -0.951964
15.981000 -0.950962
15.991000 -0.949963
16.001000 -0.948967
16.011000 -0.947973
16.021000 -0.946981
16.031000 -0.945992
16.041000 -0.945006
16.051000 -0.944021
16.061000 -0.943038
16.071000 -0.942058
16.081000 -0.941081
16.091000 -0.940106
16.101000 -0.939134
16.111000 -0.938165
16.121000 -0.937199
16.131000 -0.936233
16.141000 -0.935270
16.151000 -0.934310
16.161000 -0.933352
16.171000 -0.932398
16.181000 -0.931446
16.191000 -0.930495
16.201000 -0.929546
16.211000 -0.928601
16.221000 -0.927658
16.231000 -0.926716
16.241000 -0.925777
16.251000 -0.924841
16.261000 -0.923908
16.271000 -0.922975
16.281000 -0.922045
16.291000 -0.921119
16.301000 -0.920195
16.311000 -0.919272
16.321000 -0.918351
16.331000 -0.917434
16.341000 -0.916518
16.351000 -0.915604
16.361000 -0.914694
16.371000 -0.913784
16.381000 -0.912878
16.391000 -0.911974
16.401000 -0.911071
16.411000 -0.910171
16.421000 -0.909275
16.431000 -0.908379
16.441000 -0.907486
16.451000 -0.906594
16.461000 -0.905705
16.471000 -0.904819
16.481000 -0.903934
16.491000 -0.903052
16.501000 -0.902172
16.511000 -0.901294
16.521000 -0.900417
16.531000 -0.899543
16.541000 -0.898670
16.551000 -0.897801
16.561000 -0.896934
16.571000 -0.896069
16.581000 -0.895206
16.591000 -0.894345
16.601000 -0.893486
16.611000 -0.892629
16.621000 -0.891775
16.631000 -0.890922
16.641000 -0.890072
16.651000 -0.889224
16.661000 -0.888376
16.671000 -0.887531
16.681000 -0.886688
16.691000 -0.885848
16.701000 -0.885009
16.711000 -0.884173
16.721000 -0.883338
16.731000 -0.882506
16.741000 -0.881676
16.751000 -0.880847
16.761000 -0.880021
16.771000 -0.879196
16.781000 -0.878374
16.791000 -0.877553
16.801000 -0.876734
16.811000 -0.875918
16.821000 -0.875103
16.831000 -0.874290
16.841000 -0.873479
16.851000 -0.872670
16.861000 -0.871864
16.871000 -0.871059
16.881000 -0.870256
16.891000 -0.869456
16.901000 -0.868657
16.911000 -0.867859
16.921000 -0.867065
16.931000 -0.866272
16.941000 -0.865480
16.951000 -0.864689
16.961000 -0.863902
16.971000 -0.863116
16.981000 -0.862332
16.991000 -0.861550
17.001000 -0.860770
17.011000 -0.859992
17.021000 -0.859214
17.031000 -0.858440
17.041000 -0.857668
17.051000 -0.856896
17.061000 -0.856126
17.071000 -0.855360
17.081000 -0.854594
17.091000 -0.853830
17.101000 -0.853068
17.111000 -0.852309
17.121000 -0.851551
17.131000 -0.850794
17.141000 -0.850039
17.151000 -0.849285
17.161000 -0.848535
17.171000 -0.847786
17.181000 -0.847039
17.191000 -0.846293
17.201000 -0.845548
17.211000 -0.844805
17.221000 -0.844065
17.231000 -0.843326
17.241000 -0.842589
17.251000 -0.841854
17.261000 -0.841120
17.271000 -0.840387
17.281000 -0.839655
17.291000 -0.838928
17.301000 -0.838201
17.311000 -0.837476
17.321000 -0.836753
17.331000 -0.836031
17.341000 -0.835310
17.351000 -0.834591
17.361000 -0.833874
17.371000 -0.833157
17.381000 -0.832443
17.391000 -0.831732
17.401000 -0.831022
17.411000 -0.830314
17.421000 -0.829607
17.431000 -0.828902
17.441000 -0.828199
17.451000 -0.827496
17.461000 -0.826796
17.471000 -0.826097
17.481000 -0.825399
17.491000 -0.824703
17.501000 -0.824008
17.511000 -0.823315
17.521000 -0.822624
17.531000 -0.821934
17.541000 -0.821245
17.551000 -0.820558
17.561000 -0.819873
17.571000 -0.819189
17.581000 -0.818507
17.591000 -0.817826
17.601000 -0.817147
17.611000 -0.816470
17.621000 -0.815794
17.631000 -0.815119
17.641000 -0.814446
17.651000 -0.813775
17.661000 -0.813106
17.671000 -0.812438
17.681000 -0.811771
17.691000 -0.811106
17.701000 -0.810443
17.711000 -0.809782
17.721000 -0.809122
17.731000 -0.808463
17.741000 -0.807807
17.751000 -0.807152
17.761000 -0.806498
17.771000 -0.805846
17.781000 -0.805196
17.791000 -0.804548
17.801000 -0.803899
17.811000 -0.803251
17.821000 -0.802606
17.831000 -0.801961
17.841000 -0.801319
17.851000 -0.800678
17.861000 -0.800039
17.871000 -0.799402
17.881000 -0.798766
17.891000 -0.797431
17.901000 -0.796798
17.911000 -0.796168
17.921000 -0.795539
17.931000 -0.794912
17.941000 -0.794287
17.951000 -0.793663
17.961000 -0.793041
17.971000 -0.792419
17.981000 -0.791798
17.991000 -0.791179
18.001000 -0.790562
18.011000 -0.789946
18.021000 -0.789332
18.031000 -0.788718
18.041000 -0.788105
18.051000 -0.787494
18.061000 -0.786885
18.071000 -0.786278
18.081000 -0.785672
18.091000 -0.785066
18.101000 -0.784462
18.111000 -0.783859
18.121000 -0.783259
18.131000 -0.782660
18.141000 -0.782060
18.151000 -0.781463
18.161000 -0.780867
18.171000 -0.780273
18.181000 -0.779680
18.191000 -0.779088
18.201000 -0.778497
18.211000 -0.777907
18.221000 -0.777320
18.231000 -0.776735
18.241000 -0.776149
18.251000 -0.775564
18.261000 -0.774982
18.271000 -0.774402
18.281000 -0.773821
18.291000 -0.773241
18.301000 -0.772664
18.311000 -0.772089
18.321000 -0.771513
18.331000 -0.770939
18.341000 -0.770367
18.351000 -0.769796
18.361000 -0.769225
18.371000 -0.768656
18.381000 -0.768089
18.391000 -0.767524
18.401000 -0.766959
18.411000 -0.766395
18.421000 -0.765833
18.431000 -0.765271
18.441000 -0.764710
18.451000 -0.764152
18.461000 -0.763595
18.471000 -0.763038
18.481000 -0.762483
18.491000 -0.761930
18.501000 -0.761376
18.511000 -0.760825
18.521000 -0.760275
18.531000 -0.759724
18.541000 -0.759176
18.551000 -0.758630
18.561000 -0.758083
18.571000 -0.757538
18.581000 -0.756995
18.591000 -0.756454
18.601000 -0.755913
18.611000 -0.755373
18.621000 -0.754836
18.631000 -0.754298
18.641000 -0.753762
18.651000 -0.753228
18.661000 -0.752694
18.671000 -0.752162
18.681000 -0.751629
18.691000 -0.751098
18.701000 -0.750569
18.711000 -0.750040
18.721000 -0.749513
18.731000 -0.748987
18.741000 -0.748462
18.751000 -0.747938
18.761000 -0.747416
18.771000 -0.746894
18.781000 -0.746374
18.791000 -0.745854
18.801000 -0.745336
18.811000 -0.744819
18.821000 -0.744302
18.831000 -0.743788
18.841000 -0.743275
18.851000 -0.742762
18.861000 -0.742251
18.871000 -0.741740
18.881000 -0.741230
18.891000 -0.740723
18.901000 -0.740215
18.911000 -0.739710
18.921000 -0.739204
18.931000 -0.738700
18.941000 -0.738198
18.951000 -0.737696
18.961000 -0.737196
18.971000 -0.736695
18.981000 -0.736196
18.991000 -0.735700
19.001000 -0.735204
19.011000 -0.734709
19.021000 -0.734214
19.031000 -0.733721
19.041000 -0.733228
19.051000 -0.732737
19.061000 -0.732248
19.071000 -0.731758
19.081000 -0.731271
19.091000 -0.730783
19.101000 -0.730298
19.111000 -0.729812
19.121000 -0.729328
19.131000 -0.728844
19.141000 -0.728362
19.151000 -0.727882
19.161000 -0.727402
19.171000 -0.726924
19.181000 -0.726446
19.191000 -0.725970
19.201000 -0.725493
19.211000 -0.725019
19.221000 -0.724544
19.231000 -0.724072
19.241000 -0.723599
19.251000 -0.723128
19.261000 -0.722657
19.271000 -0.722188
19.281000 -0.721719
19.291000 -0.721252
19.301000 -0.720784
19.311000 -0.720319
19.321000 -0.719856
19.331000 -0.719393
19.341000 -0.718932
19.351000 -0.718470
19.361000 -0.718011
19.371000 -0.717552
19.381000 -0.717095
19.391000 -0.716637
19.401000 -0.716182
19.411000 -0.715726
19.421000 -0.715272
19.431000 -0.714819
19.441000 -0.714367
19.451000 -0.713915
19.461000 -0.713466
19.471000 -0.713016
19.481000 -0.712568
19.491000 -0.712120
19.501000 -0.711672
19.511000 -0.711226
19.521000 -0.710779
19.531000 -0.710335
19.541000 -0.709890
19.551000 -0.709448
19.561000 -0.709006
19.571000 -0.708565
19.581000 -0.708125
19.591000 -0.707687
19.601000 -0.707248
19.611000 -0.706812
19.621000 -0.706375
19.631000 -0.705941
19.641000 -0.705507
19.651000 -0.705072
19.661000 -0.704639
19.671000 -0.704206
19.681000 -0.703776
19.691000 -0.703345
19.701000 -0.702917
19.711000 -0.702488
19.721000 -0.702061
19.731000 -0.701635
19.741000 -0.701210
19.751000 -0.700786
19.761000 -0.700361
19.771000 -0.699938
19.781000 -0.699515
19.791000 -0.699094
19.801000 -0.698674
19.811000 -0.698255
19.821000 -0.697836
19.831000 -0.697417
19.841000 -0.697001
19.851000 -0.696583
19.861000 -0.696169
19.871000 -0.695754
19.881000 -0.695342
19.891000 -0.694929
19.901000 -0.694516
19.911000 -0.694105
19.921000 -0.693694
19.931000 -0.693286
19.941000 -0.692877
19.951000 -0.692467
19.961000 -0.692061
19.971000 -0.691654
19.981000 -0.691249
19.991000 -0.690844
20.001000 -0.690439
20.011000 -0.690036
20.021000 -0.689633
20.031000 -0.689233
20.041000 -0.688832
20.051000 -0.688431
20.061000 -0.688032
20.071000 -0.687633
20.081000 -0.687237
20.091000 -0.686840
20.101000 -0.686443
20.111000 -0.686049
20.121000 -0.685654
20.131000 -0.685262
20.141000 -0.684869
20.151000 -0.684476
20.161000 -0.684086
20.171000 -0.683695
20.181000 -0.683304
20.191000 -0.682916
20.201000 -0.682527
20.211000 -0.682141
20.221000 -0.681755
20.231000 -0.681368
20.241000 -0.680984
20.251000 -0.680599
20.261000 -0.680215
20.271000 -0.679833
20.281000 -0.679450
20.291000 -0.679070
20.301000 -0.678690
20.311000 -0.678310
20.321000 -0.677932
20.331000 -0.677554
20.341000 -0.677175
20.351000 -0.676799
20.361000 -0.676423
20.371000 -0.676047
20.381000 -0.675673
20.391000 -0.675299
20.401000 -0.674928
20.411000 -0.674556
20.421000 -0.674184
20.431000 -0.673815
20.441000 -0.673445
20.451000 -0.673075
20.461000 -0.672708
20.471000 -0.672341
20.481000 -0.671973
20.491000 -0.671608
20.501000 -0.671242
20.511000 -0.670877
20.521000 -0.670514
20.531000 -0.670150
20.541000 -0.669787
20.551000 -0.669426
20.561000 -0.669065
20.571000 -0.668703
20.581000 -0.668344
20.591000 -0.667985
20.601000 -0.667626
20.611000 -0.667270
20.621000 -0.666913
20.631000 -0.666555
20.641000 -0.666201
20.651000 -0.665847
20.661000 -0.665491
20.671000 -0.665139
20.681000 -0.664787
20.691000 -0.664434
20.701000 -0.664081
20.711000 -0.663731
20.721000 -0.663380
20.731000 -0.663029
20.741000 -0.662681
20.751000 -0.662333
20.761000 -0.661984
20.771000 -0.661638
20.781000 -0.661292
20.791000 -0.660946
20.801000 -0.660602
20.811000 -0.660259
20.821000 -0.659914
20.831000 -0.659570
20.841000 -0.659228
20.851000 -0.658887
20.861000 -0.658544
20.871000 -0.658205
20.881000 -0.657866
20.891000 -0.657526
20.901000 -0.657189
20.911000 -0.656852
20.921000 -0.656514
20.931000 -0.656176
20.941000 -0.655841
20.951000 -0.655506
20.961000 -0.655171
20.971000 -0.654838
20.981000 -0.654505
20.991000 -0.654172
21.001000 -0.653839
21.011000 -0.653508
21.021000 -0.653178
21.031000 -0.652847
21.041000 -0.652519
21.051000 -0.652190
21.061000 -0.651862
21.071000 -0.651533
21.081000 -0.651207
21.091000 -0.650881
21.101000 -0.650554
21.111000 -0.650231
21.121000 -0.649907
21.131000 -0.649583
21.141000 -0.649258
21.151000 -0.648937
21.161000 -0.648615
21.171000 -0.648293
21.181000 -0.647971
21.191000 -0.647652
21.201000 -0.647333
21.211000 -0.647013
21.221000 -0.646696
21.231000 -0.646379
21.241000 -0.646062
21.251000 -0.645744
21.261000 -0.645430
21.271000 -0.645115
21.281000 -0.644800
21.291000 -0.644485
21.301000 -0.644173
21.311000 -0.643860
21.321000 -0.643548
21.331000 -0.643235
21.341000 -0.642925
21.351000 -0.642614
21.361000 -0.642304
21.371000 -0.641993
21.381000 -0.641686
21.391000 -0.641378
21.401000 -0.641069
21.411000 -0.640761
21.421000 -0.640456
21.431000 -0.640150
21.441000 -0.639844
21.451000 -0.639538
21.461000 -0.639235
21.471000 -0.638932
21.481000 -0.638628
21.491000 -0.638325
21.501000 -0.638024
21.511000 -0.637723
21.521000 -0.637422
21.531000 -0.637121
21.541000 -0.636822
21.551000 -0.636524
21.561000 -0.636225
21.571000 -0.635926
21.581000 -0.635630
21.591000 -0.635334
21.601000 -0.635038
21.611000 -0.634741
21.621000 -0.634444
21.631000 -0.634151
21.641000 -0.633857
21.651000 -0.633563
21.661000 -0.633268
21.671000 -0.632977
21.681000 -0.632686
21.691000 -0.632394
21.701000 -0.632102
21.711000 -0.631813
21.721000 -0.631524
21.731000 -0.631235
21.741000 -0.630946
21.751000 -0.630656
21.761000 -0.630369
21.771000 -0.630083
21.781000 -0.629796
21.791000 -0.629509
21.801000 -0.629225
21.811000 -0.628941
21.821000 -0.628656
21.831000 -0.628372
21.841000 -0.628087
21.851000 -0.627805
21.861000 -0.627523
21.871000 -0.627241
21.881000 -0.626959
21.891000 -0.626680
21.901000 -0.626400
21.911000 -0.626121
21.921000 -0.625841
21.931000 -0.625561
21.941000 -0.625285
21.951000 -0.625008
21.961000 -0.624731
21.971000 -0.624453
21.981000 -0.624176
21.991000 -0.623901
22.001000 -0.623627
22.011000 -0.623352
22.021000 -0.623077
22.031000 -0.622802
22.041000 -0.622530
22.051000 -0.622258
22.061000 -0.621986
22.071000 -0.621713
22.081000 -0.621440
22.091000 -0.621171
22.101000 -0.620901
22.111000 -0.620632
22.121000 -0.620361
22.131000 -0.620091
22.141000 -0.619824
22.151000 -0.619557
22.161000 -0.619290
22.171000 -0.619022
22.181000 -0.618754
22.191000 -0.618490
22.201000 -0.618225
22.211000 -0.617961
22.221000 -0.617696
22.231000 -0.617430
22.241000 -0.617168
22.251000 -0.616906
22.261000 -0.616644
22.271000 -0.616382
22.281000 -0.616119
22.291000 -0.615860
22.301000 -0.615600
22.311000 -0.615340
22.321000 -0.615081
22.331000 -0.614820
22.341000 -0.614560
22.351000 -0.614303
22.361000 -0.614046
22.371000 -0.613789
22.381000 -0.613531
22.391000 -0.613273
22.401000 -0.613019
22.411000 -0.612765
22.421000 -0.612510
22.431000 -0.612255
22.441000 -0.612000
22.451000 -0.611745
22.461000 -0.611493
22.471000 -0.611241
22.481000 -0.610989
22.491000 -0.610736
22.501000 -0.610484
22.511000 -0.610235
22.521000 -0.609985
22.531000 -0.609736
22.541000 -0.609486
22.551000 -0.609236
22.561000 -0.608986
22.571000 -0.608740
22.581000 -0.608493
22.591000 -0.608246
22.601000 -0.607999
22.611000 -0.607751
22.621000 -0.607504
22.631000 -0.607260
22.641000 -0.607016
22.651000 -0.606771
22.661000 -0.606527
22.671000 -0.606282
22.681000 -0.606037
22.691000 -0.605795
22.701000 -0.605554
22.711000 -0.605312
22.721000 -0.605070
22.731000 -0.604828
22.741000 -0.604585
22.751000 -0.604347
22.761000 -0.604108
22.771000 -0.603869
22.781000 -0.603629
22.791000 -0.603390
22.801000 -0.603150
22.811000 -0.602914
22.821000 -0.602677
22.831000 -0.602441
22.841000 -0.602204
22.851000 -0.601967
22.861000 -0.601730
22.871000 -0.601493
22.881000 -0.601259
22.891000 -0.601026
22.901000 -0.600792
22.911000 -0.600558
22.921000 -0.600323
22.931000 -0.600089
22.941000 -0.599858
22.951000 -0.599627
22.961000 -0.599396
22.971000 -0.599164
22.981000 -0.598933
22.991000 -0.598701
23.001000 -0.598469
23.011000 -0.598241
23.021000 -0.598012
23.031000 -0.597784
23.041000 -0.597555
23.051000 -0.597326
23.061000 -0.597097
23.071000 -0.596871
23.081000 -0.596646
23.091000 -0.596420
23.101000 -0.596194
23.111000 -0.595968
23.121000 -0.595741
23.131000 -0.595515
23.141000 -0.595292
23.151000 -0.595069
23.161000 -0.594846
23.171000 -0.594623
23.181000 -0.594399
23.191000 -0.594176
23.201000 -0.593952
23.211000 -0.593732
23.221000 -0.593512
23.231000 -0.593291
23.241000 -0.593071
23.251000 -0.592850
23.261000 -0.592629
23.271000 -0.592408
23.281000 -0.592191
23.291000 -0.591973
23.301000 -0.591756
23.311000 -0.591538
23.321000 -0.591320
23.331000 -0.591102
23.341000 -0.590884
23.351000 -0.590665
23.361000 -0.590451
23.371000 -0.590236
23.381000 -0.590021
23.391000 -0.589806
23.401000 -0.589591
23.411000 -0.589375
23.421000 -0.589159
23.431000 -0.588948
23.441000 -0.588736
23.451000 -0.588524
23.461000 -0.588311
23.471000 -0.588099
23.481000 -0.587886
23.491000 -0.587674
23.501000 -0.587461
23.511000 -0.587252
23.521000 -0.587042
23.531000 -0.586833
23.541000 -0.586624
23.551000 -0.586414
23.561000 -0.586204
23.571000 -0.585994
23.581000 -0.585784
23.591000 -0.585578
23.601000 -0.585371
23.611000 -0.585165
23.621000 -0.584958
23.631000 -0.584751
23.641000 -0.584544
23.651000 -0.584337
23.661000 -0.584129
23.671000 -0.583926
23.681000 -0.583722
23.691000 -0.583519
23.701000 -0.583315
23.711000 -0.583111
23.721000 -0.582907
23.731000 -0.582702
23.741000 -0.582498
23.751000 -0.582297
23.761000 -0.582096
23.771000 -0.581896
23.781000 -0.581695
23.791000 -0.581493
23.801000 -0.581292
23.811000 -0.581091
23.821000 -0.580889
23.831000 -0.580691
23.841000 -0.580494
23.851000 -0.580296
23.861000 -0.580098
23.871000 -0.579900
23.881000 -0.579701
23.891000 -0.579503
23.901000 -0.579304
23.911000 -0.579105
23.921000 -0.578911
23.931000 -0.578716
23.941000 -0.578521
23.951000 -0.578325
23.961000 -0.578130
23.971000 -0.577935
23.981000 -0.577739
23.991000 -0.577543
24.001000 -0.577347
24.011000 -0.577155
24.021000 -0.576963
24.031000 -0.576771
24.041000 -0.576579
24.051000 -0.576386
24.061000 -0.576194
24.071000 -0.576001
24.081000 -0.575808
24.091000 -0.575615
24.101000 -0.575426
24.111000 -0.575237
24.121000 -0.575048
24.131000 -0.574859
24.141000 -0.574669
24.151000 -0.574479
24.161000 -0.574290
24.171000 -0.574100
24.181000 -0.573910
24.191000 -0.573724
24.201000 -0.573538
24.211000 -0.573352
24.221000 -0.573165
24.231000 -0.572979
24.241000 -0.572792
24.251000 -0.572605
24.261000 -0.572419
24.271000 -0.572231
24.281000 -0.572044
24.291000 -0.571861
24.301000 -0.571678
24.311000 -0.571495
24.321000 -0.571312
24.331000 -0.571128
24.341000 -0.570944
24.351000 -0.570761
24.361000 -0.570577
24.371000 -0.570392
24.381000 -0.570208
24.391000 -0.570028
24.401000 -0.569848
24.411000 -0.569668
24.421000 -0.569487
24.431000 -0.569307
24.441000 -0.569126
24.451000 -0.568945
24.461000 -0.568764
24.471000 -0.568583
24.481000 -0.568402
24.491000 -0.568225
24.501000 -0.568048
24.511000 -0.567871
24.521000 -0.567694
24.531000 -0.567516
24.541000 -0.567339
24.551000 -0.567161
24.561000 -0.566983
24.571000 -0.566805
24.581000 -0.566627
24.591000 -0.566453
24.601000 -0.566279
24.611000 -0.566105
24.621000 -0.565931
24.631000 -0.565757
24.641000 -0.565582
24.651000 -0.565407
24.661000 -0.565233
24.671000 -0.565058
24.681000 -0.564883
24.691000 -0.564708
24.701000 -0.564537
24.711000 -0.564366
24.721000 -0.564195
24.731000 -0.564024
24.741000 -0.563853
24.751000 -0.563681
24.761000 -0.563510
24.771000 -0.563338
24.781000 -0.563166
24.791000 -0.562994
24.801000 -0.562822
24.811000 -0.562655
24.821000 -0.562487
24.831000 -0.562319
24.841000 -0.562151
24.851000 -0.561983
24.861000 -0.561815
24.871000 -0.561646
24.881000 -0.561478
24.891000 -0.561309
24.901000 -0.561140
24.911000 -0.560972
24.921000 -0.560802
24.931000 -0.560638
24.941000 -0.560473
24.951000 -0.560309
24.961000 -0.560144
24.971000 -0.559979
24.981000 -0.559813
